# callgrind format
version: 1
creator: callgrind-3.22.0
pid: 4638
cmd:  ./build/hash-table
part: 1


desc: I1 cache: 
desc: D1 cache: 
desc: LL cache: 

desc: Timerange: Basic block 0 - 56126950
desc: Trigger: Program termination

positions: line
events: Ir
summary: 261896734


ob=(4) /usr/libexec/valgrind/vgpreload_core-amd64-linux.so
fl=(156) ???
fn=(836) 0x00000000000010d0
0 9
cob=(3) ???
cfi=(153) ???
cfn=(842) 0x000000000483d030
calls=1 0 
0 80
0 1
cfn=(846) 0x0000000000001060
calls=1 0 
0 5
0 3

fn=(504) 0x0000000000001110
0 12

fn=(846)
0 5

ob=(1) /usr/lib/x86_64-linux-gnu/ld-linux-x86-64.so.2
fl=(63) ./io/../sysdeps/unix/sysv/linux/access.c
fn=(200) access
25 1
+2 7
+4 1

fl=(9) ./elf/../sysdeps/unix/sysv/linux/dl-sysdep.c
fn=(18) _dl_sysdep_parse_arguments
78 1
+2 1
-2 6
+1 1
+1 1
-1 1
+2 2
+2 1
-2 1
+2 2
-1 1
+1 2
-1 31
+1 62
+7 56
fi=(10) ./elf/../sysdeps/unix/sysv/linux/dl-parse_auxv.h
-49 1
fe=(9)
+45 1
fi=(10)
-54 1
fe=(9)
+54 1
fi=(10)
-54 1
+1 1
+1 1
+7 3
+1 40
+1 20
-2 20
+2 20
-2 61
fe=(9)
+52 3
+1 1
+1 2
fi=(10)
-49 1
+1 1
fe=(9)
+46 1
fi=(10)
-45 1
+3 1
+1 1
+1 1
+1 1
+2 1
-5 1
-4 1
+1 1
+4 1
+1 1
+3 1
-7 1
-4 1
+1 1
+8 1
fe=(9)
+40 1
-1 1
+2 1
+1 6

fn=(16) _dl_sysdep_start
102 5
+4 1
-4 1
+1 1
+3 1
cfn=(18)
calls=1 -28 
* 374
+4 2
cfi=(11) ./elf/./elf/dl-tunables.c
cfn=(22) __GI___tunables_init
calls=1 261 
* 19160
+3 1
cfi=(13) ./elf/./elf/dl-sort-maps.c
cfn=(26) _dl_sort_maps_init
calls=1 289 
* 38
+2 2
cfi=(14) ./elf/../sysdeps/unix/sysv/linux/brk.c
cfn=(30) brk
calls=1 -79 
* 8
fi=(6) ./elf/../sysdeps/x86_64/dl-machine.h
220 1
cfi=(15) ./elf/../sysdeps/x86/dl-get-cpu-features.c
cfn=(34) _dl_x86_init_cpu_features
calls=1 37 
* 7349
fe=(9)
-98 3
+1 1
cfi=(22) ./string/../sysdeps/x86_64/multiarch/../multiarch/strlen-sse2.S
cfn=(62) strlen
calls=1 -66 
* 17
* 1
+2 2
cfi=(23) ./elf/../misc/sbrk.c
cfn=(64) sbrk
calls=1 -88 
* 16
* 3
+12 3
+3 5
cfi=(2) ./elf/./elf/rtld.c
cfn=(66) dl_main
calls=1 1346 
* 115489
+3 4

fn=(480) _dl_sysdep_start_cleanup
147 1
+1 1

fl=(20) ./elf/../sysdeps/x86/dl-cacheinfo.h
fn=(50) handle_intel.constprop.0
255 24
-5 12
+17 12
-17 96
+11 12
+1 12
+5 36
+4 24
+34 96
-29 12
+3 24
-3 12
+3 36
cfn=(52) intel_check_word.constprop.0
calls=12 123 
* 4092
+2 24
+3 60
cfn=(52)
calls=12 123 
* 1272
+2 24

fn=(52)
123 48
-4 72
+10 24
-10 96
+10 48
-10 24
+10 24
-10 24
+10 24
+2 48
+71 48
fi=(21) ./elf/../bits/stdlib-bsearch.h
32 24
fe=(20)
202 120
-71 96
+2 60
+2 120
+8 120
+51 96
+22 48
fi=(21)
28 48
-1 96
+2 216
+2 168
+1 84
fe=(20)
+78 168
+3 324
fi=(21)
-78 264
-6 528
+2 480
+1 240
fe=(20)
+78 480
+15 12
246 144
fi=(21)
37 120
fe=(20)
155 36
+3 36
-6 12
+3 39
+9 18
+23 21
-32 63
+3 63
+4 58
+2 116
+3 84
+1 48
+1 48
+1 30
+2 11
+2 22
+6 14
+3 8
+1 12
-20 15
+12 4
+2 4
+1 4
-2 4
-1 4
+2 8
-2 4
+3 4
-2 12
+2 12
+11 2
-9 12

fn=(56) get_common_cache_info.constprop.0
571 11
+17 1
+1 1
+9 1
-12 1
+2 1
+2 1
+8 1
-11 1
+3 1
+11 2
-5 3
+17 1
+5 3
+4 2
770 5
+1 5
+4 2
+8 1
-1 1
+1 1
+1 1
+1 7
627 5
+3 6
-32 5
+75 4
+8 5
+2 2
-2 1
+6 3
+3 1
+1 5
-4 4
+21 2
-21 4
+2 1
+2 4
-4 1
+6 4
+3 2
+5 1
+2 2
+1 1
+1 1
-2 2
+1 1
-19 4
+46 2
+1 1
+1 2
+1 1
+25 3
630 3
+10 6
+14 2
+4 1
+3 1
+1 1
-4 2
+3 3
+6 4
-37 12
+7 6
-7 3
+7 2
+3 20
+5 2
+4 1
+1 1
-1 2
+1 1
+61 2
+7 1
+2 2
-16 1
+22 1
-6 2
+1 1
+5 1
-30 5

fl=(142) ./elf/./dl-find_object.h
fn=(444) _dl_find_object_from_map
95 8
+1 8
+1 4
+6 20
+1 119
+1 82
+2 12
+5 4

fl=(146) ./elf/./elf/dl-lookup-direct.c
fn=(460) _dl_lookup_direct
74 30
+2 3
-2 6
+4 3
-4 3
+2 3
+2 9
+37 3
-37 9
+1 6
+2 12
+3 25
+2 6
-54 3
+54 3
-54 3
+54 3
-54 9
+1 9
+2 6
+1 6
+12 9
+3 3
+2 6
-2 3
+2 9
cfi=(32) ./string/../sysdeps/x86_64/multiarch/../multiarch/strcmp-sse2.S
cfn=(94) strcmp
calls=3 +45 
* 209
* 6
+4 6
+1 3
-1 3
+1 18
+1 9
cfi=(32)
cfn=(94)
calls=3 +39 
* 198
* 6
+57 27
-23 6

fl=(2)
fn=(66)
1346 2
197 1
1346 11
199 1
302 1
+1 1
197 1
+99 3
1357 1
cfi=(24) ./elf/../sysdeps/nptl/dl-tls_init_tp.c
cfn=(68) __tls_pre_init_tp
calls=1 53 
* 17
2749 1
2538 1
2749 2
2598 1
+2 2
+15 1
-13 2
cfi=(25) ./elf/./elf/dl-environ.c
cfn=(70) _dl_next_ld_env_entry
calls=1 28 
* 35
* 4
cfi=(25)
cfn=(70)
calls=2 28 
* 191
* 9
+4 6
-2 2
+2 6
+1 2
-1 6
+1 17
-1 89
+9 12
2727 3
1373 1
+1 2
-1 2
+1 2
2687 3
-47 2
+10 2
1637 9
cfi=(26) ./elf/./elf/dl-object.c
cfn=(72) _dl_new_object
calls=1 59 
* 210
* 1
+2 2
+1 3
+6 1
-5 2
+1 3
+4 1
cfi=(26)
cfn=(84) _dl_add_to_namespace_list
calls=1 31 
* 42
+1 2
1116 1
-1 1
1351 1
1143 1
-21 2
+21 2
-19 1
+1 1
-3 1
+21 2
+57 1
-82 1
+25 1
-3 1
+4 1
+19 1
+37 4
-56 102
+56 4
-1 4
+1 8
-1 4
+2 8
+1 1
+2 12
+1 14
+4 8
+1 8
+1 4
+4 12
-72 27
1253 2
+1 22
+6 4
cfi=(30) ./elf/./elf/dl-load.c
cfn=(88) _dl_process_pt_gnu_property
calls=1 868 
* 90
-7 26
+1 13
+6 13
-6 26
fi=(31) ./elf/../sysdeps/x86/dl-prop.h
235 4
+1 2
-87 4
fe=(2)
1148 1
-5 1
+5 2
-5 2
+30 1
-9 2
+2 1
-3 1
+10 2
+18 2
-38 2
-10 1
+10 1
+1 9
-11 2
+1 14
1247 1
1143 1
1247 2
1143 3
1266 4
+3 3
+2 3
1672 3
+2 2
-1 1
+1 1
+1 3
-2 2
cfi=(32)
cfn=(94)
calls=1 98 
* 25
* 2
+7 1
+3 1
-5 1
+3 1
+2 1
+1 2
+4 2
+2 2
fi=(3) ./elf/./get-dynamic-info.h
39 4
+4 1
+2 1
+9 1
+1 1
-10 2
+23 26
-23 104
+4 52
+3 6
-1 12
+3 24
+1 20
fe=(2)
1243 1
1143 1
1243 1
1143 2
fi=(3)
72 4
+43 2
+7 3
+1 4
+6 3
+18 4
+5 2
+2 2
+2 2
+2 2
+1 2
+3 4
+2 3
+1 2
+9 2
+6 2
+1 3
+3 3
fe=(2)
1698 4
+7 2
cfi=(8) ./elf/./elf/dl-setup_hash.c
cfn=(14) _dl_setup_hash
calls=1 25 
* 27
+3 2
fi=(33) ./elf/./setup-vdso.h
24 2
fi=(36) ./elf/./dl-main.h
+85 2
fi=(35) ./elf/../sysdeps/unix/sysv/linux/dl-vdso-setup.h
-64 1
fi=(36)
+64 3
cfi=(30)
cfn=(106) _dl_init_paths
calls=1 706 
* 2322
fe=(2)
1733 3
cfi=(45) ./elf/./elf/dl-debug.c
cfn=(144) _dl_debug_initialize
calls=1 56 
* 34
+7 1
-5 1
-2 1
+7 1
+4 1
+1 1
+2 1
-3 3
+1 2
+3 1
+11 1
-13 1
+13 1
+1 2
+5 1
-3 2
+2 1
+1 2
+5 3
+1 5
-1 2
224 1
+1 1
-1 1
+1 3
+1 2
1788 2
+5 1
-1 1
1352 1
1793 1
+24 1
cfi=(46) ./elf/../elf/dl-tls.c
cfn=(146) _dl_count_modids
calls=1 192 
* 6
* 1
fi=(47) ./elf/../sysdeps/generic/dl-debug.h
29 4
+1 1
fe=(2)
1823 1
+1 1
cfi=(45)
cfn=(150) _dl_debug_state
calls=1 116 
* 2
+1 1
+4 3
cfi=(48) ./elf/./elf/dl-audit.c
cfn=(152) _dl_audit_activity_map
calls=1 29 
* 17
+5 3
+2 1
+2 2
+9 2
+16 4
cfi=(63)
cfn=(200)
calls=1 25 
* 9
* 2
+76 4
+16 3
85 1
1965 1
85 2
1965 1
85 1
1965 5
85 1
1965 2
cfi=(64) ./elf/./elf/dl-deps.c
cfn=(202) _dl_map_object_deps
calls=1 143 
* 7200
92 1
+9 1
1971 1
92 2
+9 2
1971 2
+1 6
-1 4
+1 6
-1 12
+4 3
+1 2
+1 1
+2 14
+1 6
+46 1
-42 2
+8 3
+1 2
+2 1
+2 3
+2 1
-4 1
+5 1
-1 2
+14 2
+1 2
+1 3
-25 1
+36 2
+2 1
-2 1
+2 2
-2 1
+1 2
+1 1
-1 2
+1 1
cfi=(50) ./elf/./elf/dl-catch.c
cfn=(236) _dl_receive_error
calls=1 186 
* 4136
+10 1
+1 1
-1 1
+1 1
+3 2
837 1
fi=(220) ./elf/../sysdeps/unix/sysv/linux/dl-osinfo.h
39 2
fe=(2)
839 1
fi=(220)
52 1
fe=(2)
848 1
+7 1
-5 1
2047 3
2246 2
+4 1
-4 1
+10 1
-6 1
+6 1
-6 1
+9 2
+8 2
fi=(31)
36 2
+1 3
+3 3
+13 6
-13 3
+9 6
-9 1
+9 16
+4 12
-16 12
+34 1
fe=(2)
2279 1
fi=(31)
71 1
cfi=(76) ./elf/../sysdeps/x86_64/dl-cet.c
cfn=(260) _dl_cet_check
calls=1 361 
* 55
fe=(2)
2282 1
-3 2
+5 1
-2 2
+2 2
+1 6
cfi=(77) ./elf/./elf/dl-reloc.c
cfn=(262) _dl_relocate_object
calls=1 207 
* 67909
85 2
2292 1
85 2
2292 1
+1 17
+2 8
+5 8
+2 8
+6 4
+2 8
+1 24
cfi=(77)
cfn=(262)
calls=3 207 
* 21611
+4 10
+1 2
-23 1
+23 1
cfi=(46)
cfn=(438) _dl_add_to_slotinfo
calls=1 1017 
* 28
-23 3
92 3
+1 1
2325 1
93 1
2325 1
+4 4
+2 1
+7 4
cfi=(46)
cfn=(440) _dl_allocate_tls_init
calls=1 523 
* 149
+3 2
+4 3
+2 2
+33 3
cfi=(147) ./elf/./elf/dl-call-libc-early-init.c
cfn=(464) _dl_call_libc_early_init
calls=1 27 
* 603
+7 1
cfi=(9)
cfn=(480)
calls=1 147 
* 2
+3 3
cfi=(48)
cfn=(482) _dl_audit_activity_nsid
calls=1 41 
* 11
+4 2
cfi=(45)
cfn=(196) _dl_debug_update
calls=1 38 
* 7
+1 1
-1 1
+2 1
cfi=(45)
cfn=(150)
calls=1 116 
* 2
+1 1
+4 1
cfi=(67) ./elf/./elf/dl-cache.c
cfn=(484) _dl_unload_cache
calls=1 525 
* 19
+5 8
2304 1
+1 1
-3 2
226 2
-2 1
+1 1
1773 1
+6 1
-6 2
+6 1
fi=(3)
56 5
+3 4
fi=(34) ./elf/../sysdeps/unix/sysv/linux/dl-vdso.h
-19 2
+1 5
fi=(35)
-11 1
+3 1
+3 1
+3 1
fi=(34)
+16 2
fi=(3)
+17 3
+12 3
+1 5
+1 5
+1 5
+1 4
+1 5
+1 5
+1 5
+12 2
+7 1
-7 7
+7 2
fe=(2)
1743 4
2357 1
cfi=(141) ./elf/./elf/dl-find_object.c
cfn=(442) _dl_find_object_init
calls=1 561 
* 581
+5 3
cfi=(7) ./elf/./elf/dl-minimal.c
cfn=(450) __rtld_malloc_init_real
calls=1 76 
* 2479
+3 1
cfi=(145) ./elf/../sysdeps/nptl/dl-mutex.c
cfn=(458) __rtld_mutex_init
calls=1 30 
* 503
85 1
2371 1
+1 3
85 3
2372 2
cfi=(77)
cfn=(262)
calls=1 207 
* 1613
92 3
+9 3
2687 2
+2 1
+1 1
-1 1
+1 1
+1 1
2040 2
cfn=(246) init_tls
calls=1 734 
* 831
* 2
2650 2
+2 2
+1 1
fi=(3)
62 4
+2 4
fe=(2)
1943 10
85 1
1842 2
85 3
1842 2
cfn=(154) handle_preload_list
calls=1 869 
* 3098
* 1
92 3
+9 3
1943 6
+1 1
-1 1
+4 3
+1 1
+1 2
+1 2
-7 2

fn=(154)
869 11
+5 1
-5 2
+5 2
-4 3
+7 3
cfi=(49) ./string/../string/strcspn.c
cfn=(156) strcspn
calls=1 32 
* 254
* 1
+1 3
+9 1
183 1
889 2
183 2
891 2
-80 1
+5 1
-6 1
-4 1
+10 2
-6 1
+4 1
+2 2
-5 1
+1 1
+4 1
cfi=(50)
cfn=(158) _dl_catch_error
calls=1 254 
* 2754
+1 3
+8 3
+67 1
-18 2
+21 9
-15 4
cfi=(29) ./string/../sysdeps/x86_64/multiarch/memmove-vec-unaligned-erms.S
cfn=(82) memcpy
calls=1 210 
* 19
+1 2

fn=(238) version_check_doit
674 2
+2 1
-2 4
+2 3
cfi=(73) ./elf/./elf/dl-version.c
cfn=(240) _dl_check_all_versions
calls=1 392 
* 4099
* 2
+4 3

fn=(2) _dl_start
517 16
85 1
547 4
85 1
543 1
fi=(6)
55 1
fe=(2)
+30 1
546 1
85 1
fi=(3)
-40 1
fe=(2)
546 1
fi=(3)
45 2
+23 18
-23 72
+4 36
+3 5
-1 10
+3 20
+1 16
+1 5
fi=(4) ./elf/../sysdeps/generic/ldsodefs.h
+23 1
fi=(3)
+31 1
-38 3
+12 4
+1 3
+1 4
+1 4
+1 5
+1 3
+1 4
+1 4
+12 7
+7 2
-51 4
+64 3
+6 3
+1 3
+3 2
+1 3
+5 5
+3 5
fe=(2)
563 154
fi=(4)
79 1
fe=(2)
563 1
fi=(4)
79 2
fe=(2)
563 27
fi=(6)
287 3
fi=(5) ./elf/./elf/do-rel.h
49 1
fe=(2)
563 1
fi=(5)
50 1
-1 2
+4 1
-3 1
+3 4
+3 2
-7 1
fe=(2)
563 1
fi=(5)
50 1
-1 2
+4 1
-3 1
+3 4
+3 2
+7 3
+2 3
-2 6
fi=(6)
278 3
fi=(5)
64 6
fi=(6)
278 6
+9 24
+3 6
+1 6
+26 8
+6 2
fi=(5)
61 13
fe=(2)
563 6
fi=(5)
51 1
fi=(4)
+28 2
fi=(3)
-17 4
+2 4
fe=(2)
565 1
+13 1
cfi=(7)
cfn=(12) __rtld_malloc_init_stubs
calls=1 42 
* 10
458 2
85 1
476 2
85 3
476 1
cfi=(8)
cfn=(14)
calls=1 25 
* 27
+2 1
+16 2
-17 1
+11 1
-10 1
+16 1
cfi=(9)
cfn=(16)
calls=1 102 
* 142488
* 1
+2 2
+89 9
fi=(3)
103 3
fe=(2)

fn=(164) map_doit
641 2
+2 1
-2 4
+2 1
+1 2
-1 2
+1 3
cfi=(30)
cfn=(166) _dl_map_object
calls=1 1967 
* 2643
* 1
+2 3

fn=(246)
734 1
+6 1
-6 3
+2 2
+4 2
+11 1
fi=(28) ./elf/../include/rtld-malloc.h
44 1
fe=(2)
746 1
+4 1
fi=(28)
44 1
cfi=(27) ./elf/./elf/dl-minimal-malloc.c
cfn=(74) __minimal_calloc
calls=1 +36 
* 41
fe=(2)
761 1
-12 1
+6 1
-9 1
+11 1
+4 1
+2 3
-1 2
+3 8
+4 1
+2 1
-2 2
-5 1
-1 2
+10 3
+3 2
cfi=(46)
cfn=(248) _dl_tls_static_surplus_init
calls=1 97 
* 86
+3 1
cfi=(46)
cfn=(250) _dl_determine_tlsoffset
calls=1 216 
* 79
+7 1
cfi=(46)
cfn=(252) _dl_allocate_tls_storage
calls=1 417 
* 469
* 1
+1 2
+6 1
fi=(74) ./elf/../sysdeps/generic/dl-call_tls_init_tp.h
31 2
fe=(2)
793 1
fi=(74)
31 6
+2 1
cfi=(24)
cfn=(256) __tls_init_tp
calls=1 +35 
* 79
fe=(2)
800 1
-3 1
+3 4
-36 3
-1 7

fl=(16) ./elf/../sysdeps/x86/cpu-features.c
fn=(36) init_cpu_features.constprop.0
682 1
+17 1
-17 7
+3 1
+1 1
+1 1
+3 1
+9 2
+3 6
1001 3
+1 2
+3 2
+1 2
+6 1
+1 1
+1 1
+1 1
fi=(20)
792 1
+1 1
+2 1
+14 2
+85 1
+1 1
+15 1
-5 1
+5 1
-10 1
-6 1
+2 1
+14 1
-15 1
+2 1
-1 1
+2 1
-1 1
+2 1
-1 1
+1 1
+2 1
+1 1
+1 1
+1 1
+35 2
-15 3
+8 2
+27 6
+9 2
+19 2
+8 6
cfi=(11)
cfn=(28) __tunable_get_val
calls=1 387 
* 23
* 1
+2 2
+3 4
cfi=(11)
cfn=(28)
calls=1 387 
* 23
* 1
+2 2
+3 4
cfi=(11)
cfn=(28)
calls=1 387 
* 23
* 1
+1 5
+16 2
-12 5
cfi=(11)
cfn=(28)
calls=1 387 
* 23
* 1
+1 3
+6 3
+3 1
-3 2
cfi=(11)
cfn=(28)
calls=1 387 
* 23
* 1
+3 5
-3 1
+3 5
cfi=(11)
cfn=(58) __GI___tunable_set_val
calls=1 153 
* 62
+1 10
cfi=(11)
cfn=(58)
calls=1 153 
* 62
+1 11
cfi=(11)
cfn=(58)
calls=1 153 
* 62
+3 10
cfi=(11)
cfn=(58)
calls=1 153 
* 62
+2 10
cfi=(11)
cfn=(58)
calls=1 153 
* 62
+13 1
+2 1
fe=(16)
-23 1
fi=(20)
+21 1
+3 1
fe=(16)
-24 1
fi=(20)
+26 1
-5 1
+2 1
-2 1
+3 1
fe=(16)
-24 1
fi=(20)
+25 1
+3 1
-1 1
fe=(16)
-27 1
cfi=(11)
cfn=(28)
calls=1 387 
* 22
+3 4
cfi=(11)
cfn=(28)
calls=1 387 
* 24
+6 3
+54 1
-1 1
+1 1
+45 4
cfi=(11)
cfn=(28)
calls=1 387 
* 22
+2 4
cfi=(11)
cfn=(28)
calls=1 387 
* 22
+6 4
cfi=(11)
cfn=(28)
calls=1 387 
* 24
+7 8
fi=(20)
974 12
fe=(16)
+68 1
-1 2
+1 3
+44 3
+27 2
-10 2
+1 2
+2 3
+1 2
+2 3
+1 2
fi=(20)
811 2
cfn=(50)
calls=1 255 
* 455
+1 1
-1 1
+1 1
cfn=(50)
calls=1 255 
* 503
+1 1
-1 1
+1 1
cfn=(50)
calls=1 255 
* 530
+4 1
-4 1
+1 2
+3 1
cfn=(50)
calls=1 255 
* 476
+2 1
-2 1
+2 1
cfn=(50)
calls=1 255 
* 468
+3 1
-3 1
+1 2
+2 1
cfn=(50)
calls=1 255 
* 446
+2 1
-2 1
+2 1
cfn=(50)
calls=1 255 
* 447
+3 1
-2 1
-1 1
+3 1
cfn=(50)
calls=1 255 
* 494
+2 1
-2 1
+2 1
cfn=(50)
calls=1 255 
* 495
+1 1
+2 1
-3 1
+1 1
+2 1
cfn=(50)
calls=1 255 
* 521
+2 1
-2 1
+2 1
cfn=(50)
calls=1 255 
* 522
+2 1
-2 1
+2 1
cfn=(50)
calls=1 255 
* 523
+2 4
-2 1
+2 1
cfn=(56)
calls=1 571 
* 223
+93 1
-6 3
+6 1
-6 2
+6 2
-6 2
+6 2
-1 2
fe=(16)
708 6
cfn=(38) get_common_indices.constprop.0
calls=1 398 
* 74
376 3
+1 2
+1 6
+5 2
713 1
cfn=(42) update_active.constprop.0
calls=1 72 
* 222
+2 1
+2 1
1015 1
715 2
878 2
+7 2
+2 2
+4 2
+6 2
+2 1
706 2
-3 1
384 6
+5 2
+1 7
717 1
fi=(20)
987 1
-48 1
fe=(16)
717 1
fi=(20)
987 2
fe=(16)
717 6
+4 7
+78 1
-25 3
+92 2
+3 2
fi=(20)
+38 1
fe=(16)
-37 1
-89 2
+51 2

fn=(42)
72 8
+4 1
+10 1
+9 1
+9 1
-19 1
-1 1
+29 1
-4 1
-24 1
+9 1
+9 1
+9 1
-28 2
+25 1
-15 1
-9 1
+9 1
+9 1
+9 1
-3 1
+7 1
-13 1
+9 1
+4 2
-22 1
+22 2
-13 1
+6 1
+3 1
+5 1
+12 1
-8 1
-4 1
+7 1
-3 4
+1 1
+2 1
-2 2
+1 3
+5 1
+2 1
-2 4
+1 1
+1 1
-1 2
+1 1
-1 1
+3 2
+1 4
+14 2
356 2
+4 3
fi=(18) ./elf/../sysdeps/unix/sysv/linux/x86/dl-hwcap2.h
25 2
fi=(19) ./elf/../sysdeps/x86/get-isa-level.h
+5 1
-2 1
+2 3
fe=(16)
369 1
+1 8
151 2
+1 2
-1 5
+1 2
+2 3
+90 1
+1 1
-1 2
+17 4
+16 2
+5 1
-1 2
+4 4
+4 2
+4 3
+1 2
+3 1
-1 1
+9 1
-5 1
+2 1
-2 1
+5 1
+51 1
fi=(19)
31 1
fe=(16)
356 2
fi=(19)
32 3
+4 3
fe=(16)
158 4
+3 1
+3 2
+14 1
+2 1
+10 3
-12 1
+12 1
-12 1
+2 2
-2 1
+2 1
+8 1
-8 1
+6 3
+2 1
-2 1
+2 3
+7 5
fi=(19)
39 2
+1 4
-2 1
+7 4
+2 1
+1 2
+3 5
+2 4
+1 2
+1 2
+3 1
-1 1
+1 3
fe=(16)
171 1
-5 2
+4 1

fn=(38)
398 3
+4 4
+3 3
+5 2
-5 1
+5 1
-5 1
+4 1
+1 1
+1 4
+1 4
+1 3
+1 2
+7 2
+2 5
+5 1
-5 1
+5 1
-5 1
+5 1
-5 2
+5 1
+7 1
-7 4
+7 1
+1 3
+6 1
-6 4
+6 1
fi=(17) ./elf/../sysdeps/unix/sysv/linux/x86/dl-minsigstacksize.h
24 2
+3 2
+1 2
+37 3
+7 1
+2 1
fe=(16)
457 3

fl=(67)
fn=(484)
525 1
+1 4
-1 1
+3 1
-3 1
+3 1
cfi=(140) ./misc/../sysdeps/unix/syscall-template.S
cfn=(486) munmap
calls=1 117 
* 6
+7 1
-6 1
+4 1
+2 1

fn=(222) _dl_cache_libcmp
357 10
+1 10
+32 10
-33 10
+1 22
+2 48
+2 48
-2 96
+20 94
+2 94
-12 38
+2 38
+14 38
+1 38
-29 76
+32 3
-28 2
+6 1
+2 1
-2 1
+1 1
-1 1
+1 1
-1 1
+2 3
+2 1
-3 1
+3 3
+2 2
+9 27

fn=(214) _dl_load_cache_lookup
403 10
+2 2
+3 3
+74 1
205 1
482 2
+3 3
fi=(69) ./elf/../sysdeps/x86/dl-procinfo.h
39 2
+3 3
cfi=(32)
cfn=(94)
calls=1 +56 
* 25
* 4
fe=(67)
208 6
cfi=(11)
cfn=(28)
calls=1 387 
* 23
* 1
+12 1
-10 1
-2 1
+12 2
-7 5
+9 5
+1 1
-32 2
+36 1
-4 1
+4 2
-5 40
+1 8
-32 16
+36 8
-4 8
+4 16
+4 27
cfn=(222)
calls=9 357 
* 646
+1 18
346 8
+3 5
220 10
347 3
220 8
+2 10
+20 2
+3 2
+2 4
cfn=(222)
calls=1 357 
* 73
* 2
-7 2
-30 3
+1 1
fi=(221) ./elf/../sysdeps/x86/dl-isa-level.h
28 2
fe=(67)
210 2
fi=(221)
28 1
fe=(67)
210 1
+1 1
-1 3
+76 3
fi=(221)
28 3
fe=(67)
259 2
+10 3
+1 4
+16 1
fi=(68) ./elf/../sysdeps/generic/dl-cache.h
125 1
fe=(67)
286 3
+9 2
+3 2
+3 1
+1 3
+28 2
500 2
+12 2
cfi=(22)
cfn=(62)
calls=1 57 
* 35
+1 1
-1 1
+1 12
+1 1
-1 1
+1 1
-1 1
+1 1
cfi=(29)
cfn=(82)
calls=1 210 
* 11
* 1
+1 1
cfi=(44) ./string/./string/strdup.c
cfn=(138) strdup
calls=1 40 
* 95
+1 8
411 4
cfi=(52) ./elf/./elf/dl-misc.c
cfn=(216) _dl_sysdep_read_whole_file
calls=1 36 
* 103
* 1
+8 5
+1 8
+3 3
+1 1
-1 3
fi=(68)
194 1
+1 5
fe=(67)
431 1
+1 2

fl=(14)
fn=(30)
36 1
fi=(222) ./elf/../sysdeps/unix/sysv/linux/brk_call.h
-12 2
fe=(14)
+13 1
+1 2
+6 1
+1 1

fl=(76)
fn=(492) _dl_cet_setup_features
331 1
+3 2
+16 1

fn=(260)
361 8
-76 1
-10 2
+2 2
-1 1
+6 1
+3 1
+8 1
-11 1
+1 1
-1 1
+1 1
-1 1
+1 1
+10 4
+3 1
+4 2
+2 2
-1 1
+2 2
+2 2
-1 2
+4 1
+2 1
+3 2
145 2
+12 2
+16 1
+6 1
363 6

fl=(48)
fn=(482)
41 3
+4 12
+1 3
+1 15

fn=(198) _dl_audit_objopen
77 2
+1 8

fn=(542) _dl_audit_preinit
118 1
+1 4

fn=(834) _dl_audit_objclose
97 4
+1 16

fn=(152)
29 2
+2 1
-2 5
+1 1
+1 2
+6 6

fl=(13)
fn=(234) dfs_traversal.part.0
135 72
+10 8
-2 8
+2 16
+2 20
-7 20
+7 40
+9 16
+15 24
+1 8
+1 48
-17 12

fn=(232) _dl_sort_maps
298 24
+8 2
-8 2
+8 4
+4 16
-99 2
-28 2
-2 2
+1 4
+29 2
-28 8
+1 2
-1 2
+1 2
-1 4
+1 6
-1 6
+1 6
-1 12
+28 30
+8 6
-3 2
+2 2
+1 4
-3 2
+5 26
+2 8
-83 40
cfn=(234)
calls=8 -5 
* 292
+86 24
+18 8
+32 8
+7 2
+27 2
-47 6
cfi=(29)
cfn=(82)
calls=2 -53 
* 22
* 2

fn=(26)
289 2
+1 2
-1 2
+1 2
cfi=(11)
cfn=(28)
calls=1 +97 
* 24
+2 3
-1 1
+2 2

fl=(25)
fn=(70)
28 3
+1 3
+3 40
+13 30
-13 60
+2 64
+1 18
+5 2
-3 2
+3 2
+2 2

fl=(22)
fn=(62)
57 15
+44 15
+1 15
+1 15
+1 15
+1 15
+1 15
+1 15
+2 15
+2 15
+31 15
+1 15
+1 15
+1 15
+1 15
+1 9
+2 9
+4 6
+1 6
+1 6
+1 6
+1 6
+1 6
+1 6
+1 6
+1 6
+1 6
+1 6
+1 6
+5 48

fl=(215) ./elf/./elf/dl-call_fini.c
fn=(808) _dl_call_fini
24 32
+4 8
+6 4
-2 4
+3 8
+3 2
+1 2
-1 2
+1 4
+3 8
+1 2
cob=(4)
cfi=(156)
cfn=(836)
calls=1 -43 
* 98
cob=(5) /mnt/c/users/agniy/ded/hash-table/build/hash-table
cfi=(161) ???
cfn=(810) 0x00000000000016e0
calls=1 -43 
* 98
-1 8
+5 4
+1 8
+1 4
+1 10
-1 2
cob=(3)
cfi=(153)
cfn=(852) 0x000000000483d294
calls=1 -49 
* 4
cob=(3)
cfi=(153)
cfn=(832) 0x000000000010ac50
calls=1 -49 
* 4
+1 12

fl=(23)
fn=(64)
37 4
+3 1
-3 2
+21 2
+4 2
+16 5

fl=(8)
fn=(14)
25 4
+3 4
-3 4
+3 8
+3 12
+1 8
+2 4
-1 4
+3 12
+1 4
+1 8
+7 4
-5 4
-2 4
+3 8
+2 4
+2 8
+5 4

fl=(65) ./io/../sysdeps/unix/sysv/linux/stat64.c
fn=(210) stat
28 6
+1 12
cfi=(66) ./io/../sysdeps/unix/sysv/linux/fstatat64.c
cfn=(212) fstatat
calls=3 146 
* 28

fl=(147)
fn=(464)
27 1
+2 2
-2 1
+6 3
-6 3
+6 1
-6 2
+6 1
cfi=(146)
cfn=(460)
calls=1 +41 
* 225
+4 2
+2 3
+2 1
-1 1
-1 1
+2 2
-1 1
cob=(2) /usr/lib/x86_64-linux-gnu/libc.so.6
cfi=(148) ./elf/./elf/libc_early_init.c
cfn=(466) __libc_early_init
calls=1 -7 
* 353

fl=(38) ./elf/../sysdeps/x86_64/dl-hwcaps-subdirs.c
fn=(110) _dl_hwcaps_subdirs_active
29 1
fi=(19)
+2 1
fe=(38)
+7 1
fi=(19)
-8 4
fe=(38)
+22 1
fi=(19)
-20 3
+4 1
fe=(38)
+2 1
fi=(19)
-2 2
+3 4
+1 4
+5 1
fe=(38)
-7 1
fi=(19)
+7 3
fe=(38)
-2 1
fi=(19)
+5 2
+3 5
+2 4
+1 2
+1 2
+3 1
fe=(38)
-10 1
fi=(19)
+10 3
fe=(38)

fl=(155) ./elf/./elf/dl-init.c
fn=(498) call_init.part.0
26 48
+17 4
+3 4
-3 8
+3 8
+5 6
+8 9
+1 6
cob=(3)
cfi=(153)
cfn=(500) 0x000000000483d000
calls=1 -60 
* 7
+3 3
+1 6
+6 4
+2 4
-2 2
+3 13
+1 4
cob=(2)
cfi=(160) ./libio/./libio/vtables.c
cfn=(518) check_stdfiles_vtables
calls=1 545 
* 12
* 8
cob=(2)
cfi=(157) ./csu/./csu/init-first.c
cfn=(510) _init_first
calls=1 -28 
* 72
cob=(4)
cfi=(156)
cfn=(504)
calls=1 -74 
* 12
-1 9
+3 32
-29 2

fn=(496) _dl_init
81 13
+1 1
+1 1
+3 3
+8 2
+25 1
+1 8
+1 8
-92 8
+6 12
+2 17
+83 6
cfn=(498)
calls=3 -94 
* 206
* 6
+7 8
-98 2
+60 2
-54 3
+2 7
cfn=(498)
calls=1 -11 
* 77
* 2

fl=(145)
fn=(458)
30 2
+10 3
-10 3
+10 1
-10 1
+10 1
-10 1
+7 1
+3 2
cfi=(146)
cfn=(460)
calls=1 +34 
* 233
+4 2
+1 8
+2 3
-2 1
+2 3
cfi=(146)
cfn=(460)
calls=1 +27 
* 223
+4 2
+1 7
+1 6

fl=(46)
fn=(248)
97 2
+3 1
-3 3
+3 1
-3 1
+3 1
-3 1
+3 1
-3 1
+3 1
cfi=(11)
cfn=(28)
calls=1 387 
* 23
* 1
+1 4
cfi=(11)
cfn=(28)
calls=1 387 
* 23
+1 1
+2 1
-3 1
+1 2
+2 3
+3 1
+2 1
-26 3
+28 3
+1 6

fn=(440)
523 11
+1 2
+4 1
+6 1
-6 1
+6 1
cfi=(24)
cfn=(86) rtld_mutex_dummy
calls=1 42 
* 3
+3 3
+12 1
-18 1
+42 3
-19 12
+9 3
+1 2
+6 3
+3 1
-2 1
+2 1
-2 1
+2 4
+4 1
-4 1
+4 1
-1 2
+4 2
+1 4
+2 2
+1 2
+17 1
-8 1
+8 1
+2 4
cfi=(29)
cfn=(126) mempcpy
calls=1 197 
* 13
* 6
cfi=(43) ./string/../sysdeps/x86_64/multiarch/../multiarch/memset-vec-unaligned-erms.S
cfn=(130) memset
calls=1 132 
* 25
-49 1
+55 1
-55 4
+6 5
+55 2
cfi=(24)
cfn=(86)
calls=1 42 
* 3
+3 2
+3 9

fn=(250)
216 9
+6 4
+3 2
+36 3
+2 1
-2 1
-2 1
-40 1
-1 1
-1 1
+46 2
+23 3
+3 1
-3 5
+2 2
+6 1
-33 2
+20 1
-20 5
+2 2
+3 1
-1 1
+5 2
-5 1
+1 1
-1 1
+3 2
+2 3
+32 2
-1 1
+53 1
-52 5
+2 2
+51 8

fn=(146)
192 1
+2 2
+1 1
+15 2

fn=(438)
1017 8
+9 1
-9 1
+6 1
+4 1
+4 3
+34 2
+3 2
+1 3
+3 6

fn=(226) _dl_assign_tls_modid
125 1
+16 1
-13 1
-3 3
+3 1
+55 1
-2 1
+5 1
+1 2

fn=(252)
417 7
+2 1
+11 1
+1 1
fi=(28)
56 1
cfi=(27)
cfn=(78) __minimal_malloc
calls=1 -20 
* 85
fe=(46)
432 2
+8 3
fi=(28)
44 1
fe=(46)
440 2
+5 1
-5 1
+1 1
+4 304
+19 1
-99 1
+4 1
+1 1
fi=(28)
44 1
cfi=(27)
cfn=(74)
calls=1 +36 
* 41
fe=(46)
371 2
+3 1
+6 2
+90 7

fl=(39) ./elf/./elf/dl-hwcaps_split.c
fn=(120) _dl_hwcaps_split
25 5
+1 3
+21 1
-20 1
+20 3

fn=(114) _dl_hwcaps_split_masked
51 110
-25 44
+36 5
-7 5
+7 35
-26 24
+5 27
cfi=(41) ./string/../sysdeps/x86_64/multiarch/../multiarch/strchr-sse2.S
cfn=(118) index
calls=9 -9 
* 216
* 9
+1 18
+3 6
+11 12
+1 18
+1 12
-2 6
+1 9
+1 6
-28 24
+4 48
+1 12
-1 30
+24 6
+9 12
-5 6
-2 6
+2 42
-19 6
cfi=(22)
cfn=(62)
calls=3 +14 
* 51
* 6

fl=(41)
fn=(118)
32 15
+1 15
+1 15
+1 15
+1 15
+1 15
+1 15
+1 15
+1 15
+1 15
+1 15
+1 15
+1 15
+1 15
+1 15
+1 15
+1 15
+1 15
+1 13
+4 13
+1 13
+1 13
+1 13
+2 13
+4 2
+1 2
+1 2
+1 2
+1 2
+1 2
+1 2
+1 2
+1 2
+1 2
+1 2
+1 2
+1 2
+1 2
+1 2
+1 2
+1 2
+1 2
+1 2
+1 2
+1 2
+1 2
+1 2
+1 2
+52 2
+4 2
+1 2
+1 2
+1 2
+2 2

fl=(24)
fn=(256)
68 2
fi=(223) ./elf/../include/list.h
-24 1
fe=(24)
+24 3
fi=(223)
-25 1
fe=(24)
+26 1
+3 1
fi=(223)
-29 1
+1 1
+1 1
+2 1
fe=(24)
+28 4
+1 2
+1 1
+5 2
+5 1
+6 1
-3 1
+3 1
-6 3
+6 1
+12 4
cfi=(11)
cfn=(28)
calls=1 387 
* 24
fi=(75) ./elf/../sysdeps/unix/sysv/linux/rseq-internal.h
-73 3
+8 1
fe=(24)
+81 3
+7 2
+1 3
fi=(75)
-95 7
+3 2
fe=(24)

fn=(86)
42 8
+2 16

fn=(68)
53 3
+3 8
+5 1
-5 1
+5 1
+1 1
-6 1
+8 1

fl=(71) ./malloc/./malloc/scratch_buffer_set_array_size.c
fn=(228) __libc_scratch_buffer_set_array_size
30 26
+4 2
+1 4
+10 4
+18 2
-17 2
+17 10

fl=(57) ./misc/../sysdeps/unix/sysv/linux/mmap64.c
fn=(182) mmap
47 12
+3 24
-3 72
+6 24
+5 72
+2 48
-7 29

fl=(55) ./io/../sysdeps/unix/sysv/linux/fstat64.c
fn=(178) fstat
30 3
+9 12
+33 3

fl=(15)
fn=(34)
37 1
+2 3
+2 1
cfi=(16)
cfn=(36)
calls=1 682 
* 7344

fn=(462) __x86_cpu_features
71 1
-32 3
+32 2

fl=(27)
fn=(78)
36 192
+1 72
+11 69
+3 23
-3 23
+3 46
-3 2
+3 1
-3 1
+3 90
+19 24
+1 24
+2 144
-17 8
+1 4
+2 2
+1 14
cfi=(57)
cfn=(182)
calls=2 -13 
* 52
* 2
+2 4
+2 8
cfi=(58) ./misc/../sysdeps/unix/sysv/linux/setvmaname.c
cfn=(184) __set_vma_name
calls=2 -31 
* 56
+1 6
+2 2
+4 2
-4 4
-24 1
-1 1
+1 1
+1 2
-2 2

fn=(142) __minimal_free
97 1
+2 4

fn=(74)
80 8
+4 8
-4 32
+7 8
+1 24
fi=(28)
-32 8
cfi=(27)
cfn=(78)
calls=8 -20 
* 347
fe=(27)

fl=(30)
fn=(176) _dl_map_object_from_fd
944 20
+15 2
-15 4
+15 2
-15 4
+15 4
+77 8
+10 4
+7 14
cfi=(26)
cfn=(72)
calls=2 59 
* 861
* 2
+1 4
+11 2
+5 2
-4 2
-1 2
+2 2
+2 2
-2 2
+2 4
+1 6
+1 2
+19 2
-2 1
+2 12
-2 1
+2 28
+10 2
-10 2
+10 6
+27 2
-33 2
-3 2
+2 2
-1 2
+35 2
+9 2
-50 2
+41 2
+9 2
-36 2
+63 10
-62 86
+26 56
+8 16
+1 8
-1 8
+1 32
+1 8
-1 8
+1 8
+2 8
-2 8
+2 8
+2 8
-4 8
+1 8
+3 8
-4 8
+4 40
+2 16
+13 16
+1 30
+5 6
+1 54
-28 12
-35 18
+62 2
+1 18
-28 4
-35 51
+1 127
1213 2
1100 2
1213 4
1100 6
1218 14
+10 6
+1 2
-1 2
+1 2
-1 6
+1 6
-1 6
+1 6
-1 18
1066 4
1235 4
+10 8
+7 8
fi=(59) ./elf/./dl-map-segments.h
28 2
fe=(30)
1252 6
fi=(59)
28 4
+1 16
cfi=(57)
cfn=(182)
calls=2 +18 
* 56
+73 4
-1 2
-72 2
+73 2
+3 4
+1 2
+2 2
-3 2
+1 2
+2 2
+17 2
-44 2
fi=(60) ./elf/./dl-load.h
+10 16
fi=(59)
+58 32
+6 2
+2 2
-2 2
+1 2
+2 4
-1 4
+3 4
+5 4
+3 6
+8 12
cfi=(43)
cfn=(130)
calls=2 -44 
* 287
* 2
+6 4
+12 8
-59 48
+2 24
+2 48
cfi=(57)
cfn=(182)
calls=6 -92 
* 126
* 12
fe=(30)
1264 2
fi=(56) ./elf/../sysdeps/posix/dl-fileid.h
37 4
cfi=(55)
cfn=(178)
calls=2 -7 
* 12
* 4
fe=(30)
989 4
fi=(56)
40 6
fe=(30)
989 2
fi=(56)
40 2
fe=(30)
989 23
+1 10
fi=(56)
49 12
fe=(30)
1519 18
1074 13
+1 2
-1 1
+1 1
-1 1
+1 1
cfi=(70) ./io/../sysdeps/unix/sysv/linux/pread64_nocancel.c
cfn=(224) __pread64_nocancel
calls=1 25 
* 7
* 2
+46 2
+1 1
-15 4
+7 2
+2 2
-2 2
+1 2
+1 2
-1 4
+1 16
+60 3
+5 1
-1 2
+5 1
-5 2
-66 1
+71 4
+1 1
+3 1
-3 1
+8 4
+15 4
+1 2
1008 4
1268 8
+1 6
fi=(61) ./elf/./elf/get-dynamic-info.h
39 4
+6 2
-2 2
+11 2
+1 2
-10 4
+8 3
+15 3
-23 12
+23 44
-23 176
+4 94
+3 13
-1 26
+3 40
+1 32
+1 10
+16 8
+12 7
+1 8
+1 8
+1 8
+1 7
+1 7
+1 7
+1 8
+12 2
+7 2
-7 14
+7 5
+5 2
+7 2
+1 6
+6 6
+1 3
+17 6
+5 2
+2 2
+2 2
+2 2
+4 6
+2 6
+1 4
+9 4
+6 4
+4 4
fe=(30)
1275 4
+1 4
+2 4
+10 6
+19 6
+2 12
+52 6
+1 2
+6 18
+1 42
+6 8
cfn=(88)
calls=2 868 
* 154
-7 52
+1 25
+6 25
-6 50
fi=(31)
149 8
fe=(30)
1380 4
cfi=(62) ./io/../sysdeps/unix/sysv/linux/close_nocancel.c
cfn=(194) __GI___close_nocancel
calls=2 25 
* 12
* 4
+13 4
+2 8
+2 4
+16 4
cfi=(8)
cfn=(14)
calls=2 25 
* 54
+4 4
+1 4
+17 4
+1 1
+3 1
+5 1
-5 1
+5 1
-5 1
+5 1
-5 1
+5 1
+5 4
+12 16
+10 4
+1 4
+5 2
cfi=(46)
cfn=(226)
calls=1 125 
* 12
+7 6
cfi=(26)
cfn=(84)
calls=2 31 
* 106
+3 4
+4 4
cfi=(45)
cfn=(196)
calls=2 38 
* 14
* 2
+1 6
+22 14
+1 6
cfi=(48)
cfn=(198)
calls=2 77 
* 10
* 2
fi=(60)
92 4
+2 1
-1 1
+1 1
-1 1
+1 1
-1 1
+1 1
-1 2
+3 4
fi=(61)
-37 8
+3 8
+2 8
181 3
-22 2
fe=(30)
1510 4
1074 2
fi=(59)
186 8
cfi=(57)
cfn=(182)
calls=1 47 
* 21
+3 2
fe=(30)
1462 6
+2 1
-1 5
+1 1
-1 1
+1 1
-1 1
cfi=(32)
cfn=(94)
calls=1 98 
* 25
* 2
+2 5

fn=(166)
1967 36
+8 6
+1 12
+3 51
+5 49
+2 21
cfi=(52)
cfn=(168) _dl_name_match_p
calls=7 68 
* 779
* 14
+4 12
+1 18
+4 2
-1 10
+1 2
+1 2
-1 2
+1 4
cfi=(32)
cfn=(94)
calls=2 98 
* 50
* 4
2270 29
2011 6
-1 4
+9 2
-50 2
+50 4
+17 4
-2 2
+2 2
cfi=(41)
cfn=(118)
calls=2 32 
* 48
* 4
2202 2
-1 3
cfn=(136) expand_dynamic_string_token
calls=1 385 
* 175
+6 1
-7 1
+1 1
+2 2
+4 7
cfn=(170) open_verify.constprop.0
calls=1 1572 
* 106
+3 2
-3 1
+3 1
+12 4
+45 1
+1 5
-1 1
+1 8
cfn=(176)
calls=1 944 
* 1940
-1 1
+1 5
-1 1
+1 8
cfn=(176)
calls=1 944 
* 2374
* 6
2040 2
cfi=(22)
cfn=(62)
calls=1 57 
* 17
* 2
+2 2
+7 4
+51 13
cfn=(208) open_path
calls=1 1812 
* 580
+6 1
-6 1
+6 2
2222 4
+46 2
682 1
2107 1
682 2
2135 2
cfi=(67)
cfn=(214)
calls=1 403 
* 1379
* 1
+2 2
+4 2
+31 1
-23 2
+23 7
cfn=(170)
calls=1 1572 
* 137
+4 2
-4 1
+4 1
+1 1
+17 2
2074 5
682 1
2075 1
682 3
2099 2
+1 2
-47 1
+1 1
696 5
2058 3
682 1
2059 1
682 2
2073 5
+1 2
+41 1
+14 2
+2 3
-47 2

fn=(170)
1572 50
+32 5
-32 10
+32 10
+19 20
cfi=(53) ./io/../sysdeps/unix/sysv/linux/open64_nocancel.c
cfn=(172) __open_nocancel
calls=5 28 
* 109
* 5
+2 10
+8 2
+1 4
+5 2
-5 2
+5 10
cfi=(54) ./io/../sysdeps/unix/sysv/linux/read_nocancel.c
cfn=(174) __read_nocancel
calls=2 25 
* 12
+2 4
+2 4
+2 4
+6 4
+17 26
+81 4
+5 4
+6 8
+6 4
+6 2
+1 2
-1 6
+1 6
+26 45
-22 13
+1 2
-1 1
+1 1
cfi=(70)
cfn=(224)
calls=1 25 
* 7
* 2
1668 3
-59 6
1777 2

fn=(106)
706 11
+14 1
-14 2
+14 2
cfi=(37) ./elf/./elf/dl-hwcaps.c
cfn=(108) _dl_important_hwcaps
calls=1 172 
* 1244
fi=(28)
56 1
fe=(30)
720 1
fi=(28)
56 1
cfi=(27)
cfn=(78)
calls=1 -20 
* 30
fe=(30)
725 1
+2 3
+8 2
-1 3
+5 3
fi=(28)
56 1
cfi=(27)
cfn=(78)
calls=1 -20 
* 30
fe=(30)
739 1
+2 4
+7 1
+8 1
+2 1
+12 2
-23 1
+9 1
+11 1
-4 1
-5 1
+3 2
+7 2
+2 2
-11 1
+11 3
-8 1
+4 1
+1 3
+1 16
cfi=(43)
cfn=(130)
calls=4 132 
* 56
+2 15
-14 3
+10 3
+4 9
-12 3
-2 3
+2 3
+4 3
-3 3
+3 3
+1 3
-2 3
+5 9
+1 6
+3 1
+15 1
-8 1
+5 1
-6 1
+9 2
+2 4
+2 3
+36 5
+2 2
cfi=(22)
cfn=(62)
calls=1 57 
* 17
* 9
-19 1
-2 1
+2 2
+19 9
cfi=(29)
cfn=(82)
calls=1 210 
* 11
* 1
+5 4
-1 2
+2 1
+1 2
-2 4
+1 13
+1 26
-2 52
+5 1
fi=(28)
56 1
cfi=(27)
cfn=(78)
calls=1 -20 
* 30
fe=(30)
836 1
fi=(28)
56 1
fe=(30)
838 2
+6 6
cfn=(132) fillin_rpath.isra.0
calls=1 468 
* 581
+3 3
+6 1
+4 8
-35 2
+5 2

fn=(204) _dl_dst_count
238 4
+3 2
-3 10
+7 2
-7 4
+3 2
cfi=(41)
cfn=(118)
calls=2 32 
* 72
+3 4
+20 18

fn=(208)
1812 8
+1 1
-1 3
+1 1
+6 2
+5 17
+67 2
-74 1
+7 3
+57 1
-65 1
+65 1
+10 2
-64 2
+8 6
+7 2
-11 1
+12 1
-1 4
cfi=(29)
cfn=(126)
calls=1 197 
* 13
+1 21
+3 6
+5 21
cfi=(29)
cfn=(126)
calls=3 197 
* 39
* 12
cfi=(29)
cfn=(126)
calls=3 197 
* 39
+3 6
+6 9
+3 21
cfn=(170)
calls=3 1572 
* 168
* 3
+2 9
+2 6
+93 9
-88 6
+1 21
+6 3
+2 6
-2 6
+2 3
cfi=(65)
cfn=(210)
calls=3 28 
* 46
* 3
+3 3
-3 6
+1 2
+9 8
+2 1
-2 2
+2 3
+44 8
+6 2
-2 1
+2 2
+3 3
1822 2
+2 2

fn=(136)
385 18
241 4
385 2
241 2
cfi=(41)
cfn=(118)
calls=2 32 
* 72
+3 4
410 2
-11 2
+11 12
-11 2
cfi=(44)
cfn=(138)
calls=2 40 
* 180

fn=(132)
468 9
+4 1
-4 8
+6 3
cfi=(7)
cfn=(134) strsep
calls=1 239 
* 240
* 3
cfi=(7)
cfn=(134)
calls=1 239 
* 8
* 6
+7 2
+2 3
cfn=(136)
calls=1 -98 
* 125
* 1
+4 2
+5 2
cfi=(22)
cfn=(62)
calls=1 57 
* 17
* 1
+1 2
+7 5
+9 15
+1 8
fi=(28)
50 2
cfi=(27)
cfn=(142)
calls=1 +47 
* 5
+1 1
fe=(30)
528 4
+4 4
fi=(28)
56 1
cfi=(27)
cfn=(78)
calls=1 -20 
* 30
* 1
fe=(30)
534 2
+5 1
+1 2
-1 1
-1 1
+2 1
cfi=(29)
cfn=(126)
calls=1 197 
* 13
+3 1
-3 1
+1 1
+2 1
+6 1
+1 1
-1 3
+1 5
+1 1
-1 1
+1 1
-1 3
+1 1
-1 2
+1 1
+2 2
+1 3
+1 1
+6 2
+1 1
+3 3
-60 2
-22 2
+88 1
+3 8
-24 2

fn=(88)
868 3
+8 3
-8 6
+8 3
-6 3
+12 6
-13 3
+13 3
-13 3
+13 6
+3 9
+1 6
+1 6
+3 9
+1 9
+4 3
+1 6
+22 3
+2 3
-2 6
+2 9
-20 10
+1 5
+3 10
+3 5
+1 20
fi=(31)
95 20
+7 10
+16 5
-3 10
254 6
+1 3
+2 12
+3 3
-8 4
+5 2
-4 2
+4 6
+3 2
-2 1
fe=(30)

fl=(54)
fn=(174)
25 2
+1 8
+1 2

fl=(53)
fn=(172)
28 12
+3 6
-3 12
+3 36
+8 42
+2 6
-2 9
+2 6

fl=(51) ./setjmp/../sysdeps/x86_64/setjmp.S
fn=(162) __sigsetjmp
31 3
+2 3
+9 3
+1 6
+1 3
+4 3
+1 3
+1 3
+1 3
+1 3
+2 6
+2 3
+1 3
+1 3
+2 6
+2 3
+8 3
+3 3
+1 3
+7 3
+1 3

fl=(1) ???
fn=(0) 0x000000000001f540
0 2
cfi=(2)
cfn=(2)
calls=1 517 
0 143161
0 8
cfi=(76)
cfn=(492)
calls=1 331 
0 4
0 10
cfi=(155)
cfn=(496)
calls=1 81 
0 393
0 3
cob=(5)
cfi=(161)
cfn=(522) (below main)
calls=1 0 
0 261753153

fl=(58)
fn=(184)
33 2
+2 7
-2 4
+7 1
-7 2
+7 1
-7 2
+7 1
-7 1
+7 1
cfi=(11)
cfn=(28)
calls=1 387 
* 24
* 3
+7 1
+2 6

fl=(42) ./string/../sysdeps/x86_64/multiarch/../multiarch/memcmp-sse2.S
fn=(122) bcmp
59 1
+12 1
+1 1
+22 1
+1 1
+45 1
+1 1
+2 1
+1 1
+2 1
+1 1
+2 1
+1 1
+47 1
+1 1
+1 1
+1 1
+1 1
+1 1

fl=(44)
fn=(138)
40 18
+1 3
cfi=(22)
cfn=(62)
calls=3 +16 
* 87
* 3
fi=(224) ./string/../include/rtld-malloc.h
+15 6
cfi=(27)
cfn=(78)
calls=3 -20 
* 90
fe=(44)
-12 6
+3 9
+1 9
-1 3
cfi=(29)
cfn=(82)
calls=3 210 
* 41

fl=(66)
fn=(212)
146 6
-55 6
+70 7
+1 1
-2 4
+1 4

fl=(50)
fn=(160) _dl_catch_exception
204 18
58 3
204 6
+3 6
+22 3
-1 3
+1 3
58 6
235 9
cfi=(51)
cfn=(162)
calls=3 31 
* 72
* 9
+2 9
cfi=(64)
cfn=(206) openaux
calls=2 61 
* 5455
cfi=(2)
cfn=(164)
calls=1 641 
* 2662
69 3
+1 3
-1 3
+1 3
239 12
-25 3
+34 9
59 6
+11 9

fn=(236)
186 2
58 1
186 4
+2 1
-2 1
58 1
+1 1
+11 1
192 1
+2 1
cfi=(2)
cfn=(238)
calls=1 674 
* 4114
69 2
+1 1
198 1
-1 1
+1 3

fn=(158)
254 6
+2 1
-2 6
+2 1
cfn=(160)
calls=1 -52 
* 2728
+1 2
+1 1
+1 1
-1 1
+1 1
+2 6

fl=(43)
fn=(130)
132 7
+1 35
+5 7
+1 7
+3 2
+1 2
244 2
+1 2
+12 2
+3 2
+1 2
+12 2
+1 2
+13 2
+1 2
+2 2
+3 1
+3 2
+3 1
+1 1
+1 1
+1 1
+1 1
+1 1
+1 1
-6 34
+1 34
+1 34
+1 34
+1 34
+1 34
+1 34
+3 2
+1 2
+1 2
+1 2
+5 2
+34 5
+2 5
+1 5
+39 5
+1 5
+2 5

fl=(49)
fn=(156)
32 6
+1 3
+1 2
+5 6
+1 4
+1 4
+1 4
+2 1
+3 3
+1 2
-1 6
+1 4
+3 4
+1 4
+1 4
+1 4
+2 3
+6 1
-1 1
+1 1
+2 2
-1 2
+2 1
+2 6
-5 12
-1 12
+1 12
+2 24
-1 24
+2 12
+2 72
+2 1
+1 3
+1 2
-1 1
+1 1

fl=(52)
fn=(168)
68 98
+1 28
cfi=(32)
cfn=(94)
calls=14 +29 
* 450
* 28
+3 14
+2 28
+6 15
-6 30
+1 54
cfi=(32)
cfn=(94)
calls=18 +23 
* 602
* 36
+8 3
-13 3
+13 20
-1 11
+1 33

fn=(216)
36 2
+3 1
-3 7
+3 1
-3 2
+3 1
cfi=(53)
cfn=(172)
calls=1 -11 
* 20
+1 2
+23 8
-21 4
cfi=(55)
cfn=(178)
calls=1 -12 
* 6
* 2
+2 2
+3 2
+13 2
cfi=(62)
cfn=(194)
calls=1 -35 
* 6
* 1
-11 6
cfi=(57)
cfn=(182)
calls=1 -2 
* 26
* 2

fl=(78) ./elf/./elf/dl-lookup.c
fn=(270) _dl_lookup_symbol_x
772 708
+3 118
-3 354
+3 118
-3 472
fi=(79) ./elf/../sysdeps/generic/dl-new-hash.h
74 118
+3 236
-8 118
+1 236
+10 118
+1 236
-1 712
+1 1424
+20 773
-2 773
+6 773
-3 1546
+2 773
-30 773
+3 1546
fe=(78)
774 118
+1 118
+3 118
-4 118
+1 118
+7 454
+5 118
-2 118
+2 118
-2 118
+6 1687
+1 1652
cfn=(274) do_lookup_x
calls=118 347 
* 42733
* 354
+28 118
-23 354
+23 118
-23 236
+24 650
+7 111
-7 111
+35 444
+34 444
-20 333
+3 222
-57 118
+76 1062
fi=(79)
87 57
+1 57
+1 114
+1 57
fe=(78)
871 2
-72 42
+18 21
+11 28

fn=(276) check_match
70 1695
+3 674
+13 111
-13 111
+13 111
-13 111
+13 333
+3 422
cfi=(32)
cfn=(94)
calls=50 +9 
* 2515
* 100
+4 111
+1 222
+2 218
+19 218
+1 872
+45 111
+1 904
-18 4
+2 4
+1 2
-1 4
+1 6
-1 4
-29 327
cfi=(32)
cfn=(94)
calls=109 -19 
* 3114
* 218
-44 8
+5 4

fn=(274)
347 1062
+1 118
-1 472
+6 118
-6 118
+65 118
-58 118
+11 118
+50 118
-3 236
+3 236
-50 118
+50 472
-19 1137
+8 379
-4 379
+1 379
+3 1516
+1 758
+3 379
-3 379
+4 758
+4 758
-2 379
+5 1516
+3 2653
+99 807
358 760
+3 760
+4 766
+21 758
+4 758
+71 888
fi=(4)
139 222
+1 333
fe=(78)
476 222
fi=(80) ./elf/../sysdeps/generic/dl-protected.h
29 444
fe=(78)
483 844
+16 222
+1 111
+22 111
-21 111
+21 777
-99 339
-1 226
+2 226
+2 113
+6 452
-6 113
+6 791
+7 411
-10 1240
+2 113
+1 339
-1 113
+1 226
-1 113
+1 113
+1 113
-1 113
+1 113
-1 791
cfn=(276)
calls=113 70 
* 12534
+4 339
+3 4
+31 16
+52 7
-1 7
+1 49
-35 33

fl=(7)
fn=(12)
42 1
+1 2
+1 2
+1 2
+1 2
+1 1

fn=(454) lookup_malloc_symbol
61 8
+3 4
-3 12
+3 4
-3 12
+3 4
-3 4
+2 4
+1 16
cfi=(78)
cfn=(270)
calls=4 772 
* 2196
+4 28
+1 28
+2 4
fi=(144) ./elf/./dl-sym-post.h
-30 8
+12 12
fe=(7)
+19 24

fn=(450)
76 2
+10 1
fi=(143) ./elf/../sysdeps/generic/dl-hash.h
-41 1
-1 1
fe=(7)
+32 8
+11 1
-1 1
fi=(143)
-43 1
+5 3
+14 4
-17 3
+3 15
+14 20
-17 15
fe=(7)
+46 2
fi=(143)
-24 1
fe=(7)
+22 1
+2 2
fi=(143)
-19 1
fe=(7)
+19 1
cfn=(454)
calls=1 -30 
* 574
+1 3
-1 1
+1 1
cfn=(454)
calls=1 -31 
* 563
+1 3
-1 1
+1 1
cfn=(454)
calls=1 -32 
* 648
+1 3
-1 1
+1 1
cfn=(454)
calls=1 -33 
* 583
+5 1
+1 1
+1 1
+1 1
+1 8

fn=(134)
239 2
+3 4
+2 2
+1 4
+4 3
-2 2
+4 28
+5 84
-2 56
+13 1
+4 4
-22 14
+15 14
-15 30

fl=(37)
fn=(108)
172 6
+3 1
-3 3
+3 1
-3 5
+2 1
cfi=(38)
cfn=(110)
calls=1 29 
* 49
+1 1
fi=(40) ./elf/./dl-hwcaps.h
43 1
fe=(37)
174 1
fi=(40)
45 2
+32 1
+1 1
+1 1
fe=(37)
-27 2
cfi=(39)
cfn=(114)
calls=1 -1 
* 23
* 2
fi=(40)
-9 1
+2 1
-2 1
+34 2
+1 2
+1 1
fe=(37)
-24 2
-1 2
+1 2
+1 2
+1 2
-5 4
cfi=(39)
cfn=(114)
calls=2 -1 
* 130
* 2
cfi=(39)
cfn=(114)
calls=1 -1 
* 125
* 6
+48 4
fi=(28)
-44 2
cfi=(27)
cfn=(78)
calls=1 -20 
* 30
fe=(37)
+46 2
-2 1
+2 1
+3 1
+3 1
fi=(40)
-65 1
+2 1
fe=(37)
+67 1
fi=(40)
-66 1
fe=(37)
+66 2
cfi=(39)
cfn=(120)
calls=1 -87 
* 13
* 2
fi=(40)
-69 1
+2 1
-2 1
+34 2
+1 2
+1 1
fe=(37)
+48 10
+1 4
+1 2
+1 2
-1 2
-4 4
cfi=(39)
cfn=(114)
calls=2 -74 
* 130
* 2
cfi=(39)
cfn=(114)
calls=1 -74 
* 125
* 6
+8 3
+9 5
+3 8
-2 6
+14 1
+4 1
+1 1
+1 1
-20 3
+19 1
+1 1
-20 2
+8 2
+4 2
-4 3
+4 2
cfi=(42)
cfn=(122)
calls=1 -96 
* 19
+1 3
-14 8
+47 1
-4 2
+4 2
-3 1
+7 1
-7 2
+7 1
fi=(28)
56 1
cfi=(27)
cfn=(78)
calls=1 -20 
* 30
* 1
fe=(37)
194 2
+8 1
fi=(40)
43 1
fe=(37)
201 1
80 1
fi=(40)
-35 1
fe=(37)
+35 1
202 1
fi=(40)
77 1
+1 1
fe=(37)
202 3
fi=(40)
79 1
fe=(37)
-2 2
cfi=(39)
cfn=(114)
calls=1 -26 
* 23
* 2
fi=(40)
-34 1
+2 1
fe=(37)
+35 2
fi=(40)
-37 1
+34 2
+1 2
+1 3
fe=(37)
+1 4
+7 2
-7 8
cfi=(29)
cfn=(126)
calls=2 197 
* 26
+4 2
+2 2
+2 2
-2 4
-9 4
cfi=(39)
cfn=(114)
calls=2 -26 
* 130
* 2
cfi=(39)
cfn=(114)
calls=1 -26 
* 125
* 6
213 2
-5 1
+1 1
-1 1
+5 1
+3 9

fl=(64)
fn=(206)
61 12
+7 2
-4 6
+1 2
-1 14
cfi=(30)
cfn=(166)
calls=2 1967 
* 5411
* 2
+5 6

fn=(202)
143 4
+1 2
-1 1
+1 1
-1 2
+1 1
-1 1
+1 1
-1 4
+1 3
-1 1
+1 7
-8 1
+8 2
-8 1
-6 1
-2 1
+16 1
-8 1
-7 1
+1 1
+6 1
+24 4
-28 3
-2 1
+31 1
-33 2
+2 2
+30 2
-30 1
-1 4
+7 4
+24 3
+28 3
-6 1
+46 1
fi=(72) ./elf/../include/scratch_buffer.h
77 1
fe=(64)
+87 1
fi=(72)
-87 1
+1 1
fe=(64)
184 1
+44 4
-31 1
-4 1
+4 5
-4 3
+4 6
+11 12
-18 2
+18 4
417 8
+2 2
+3 2
-3 6
+3 2
-3 2
fi=(28)
56 2
cfi=(27)
cfn=(78)
calls=2 -20 
* 60
fe=(64)
423 6
fi=(28)
56 2
fe=(64)
423 2
+6 2
+1 10
cfi=(29)
cfn=(82)
calls=2 210 
* 22
+1 10
cfi=(29)
cfn=(82)
calls=2 210 
* 22
+3 2
+1 4
+4 12
188 6
442 9
-1 4
+1 8
183 6
+27 8
+7 2
+4 2
-6 2
+1 2
+1 2
+1 4
+3 6
-2 2
-29 10
+32 112
+6 8
cfi=(30)
cfn=(204)
calls=2 +10 
* 118
* 6
+4 4
-2 2
+2 4
cfi=(50)
cfn=(160)
calls=2 -28 
* 5587
+1 4
+9 2
+2 4
+5 10
+6 2
+2 2
-8 4
+3 2
+1 2
+1 2
+1 2
+4 2
-3 2
+3 6
+4 6
+1 3
-43 230
+7 4
+38 162
fi=(72)
85 3
fe=(64)
448 5
+1 1
+3 4
+11 5
fi=(28)
56 1
cfi=(27)
cfn=(78)
calls=1 -20 
* 30
fe=(64)
465 3
fi=(28)
56 1
fe=(64)
465 1
+5 2
+1 1
-1 3
+4 3
-2 2
+13 3
+5 3
-16 9
+11 3
-7 3
+7 3
-2 6
-5 1
+7 1
-2 2
+2 1
-11 1
+11 1
+5 1
-16 3
+21 3
+37 2
+15 2
-14 2
+20 1
-1 4
+1 4
-1 5
cfi=(13)
cfn=(232)
calls=1 298 
* 277
+5 1
+2 1
+1 1
+1 2
-2 1
+2 1
+7 3
+3 2
+3 8
198 25
+3 2
fi=(72)
-70 8
cfi=(71)
cfn=(228)
calls=2 30 
* 50
fe=(64)
+70 6
+4 4
547 4
cfi=(29)
cfn=(82)
calls=1 210 
* 11
* 3
-53 2
144 2

fl=(29)
fn=(82)
210 17
+1 17
+6 17
+1 17
+2 10
+1 10
+1 10
+2 7
+1 7
+1 7
+2 7
+80 7
+1 7
+2 1
+4 1
+1 1
+1 1
+1 1
+1 1
+4 1
+2 1
+39 6
+1 6
+1 6
+1 6
+1 6
+7 3
+1 3
+1 3
+1 3
+1 3
+1 3
+1 3
+11 3
+1 3
+2 3
+1 3
+1 3

fn=(126)
197 13
+1 13
+1 13
+1 13
+17 13
+1 13
+2 5
+1 5
+1 5
+2 4
+1 4
+1 4
+2 4
+80 8
+1 8
+2 1
+4 1
+1 1
+1 1
+8 1
+39 7
+1 7
+1 7
+1 7
+1 7
+7 1
+1 1
+1 1
+1 1
+1 1
+1 1
+1 1
+11 1
+1 1
+2 1
+1 1
+1 1

fl=(45)
fn=(144)
56 3
+3 2
+4 1
+22 1
+10 1
-32 2
+1 1
+21 2
+5 2
+1 1
+4 1
-4 1
-1 1
+2 1
+3 1
+4 2
+8 2
-50 1
+4 2
+35 6

fn=(196)
38 3
+3 3
-1 6
+4 6
+4 3

fn=(150)
116 2
+1 2

fl=(26)
fn=(84)
31 12
+2 3
-2 6
+2 3
-2 9
+2 3
cfi=(24)
cfn=(86)
calls=3 +9 
* 9
+2 26
+3 20
+2 2
+2 2
+4 2
+4 2
-4 4
+1 4
+1 4
+3 10
-1 2
cfi=(24)
cfn=(86)
calls=2 -8 
* 6
-4 1
+4 1
-4 2
+1 2
+1 2
+3 5
-1 1
cfi=(24)
cfn=(86)
calls=1 -8 
* 3
-5 2

fn=(72)
59 45
+3 6
+18 4
+3 2
cfi=(22)
cfn=(62)
calls=2 -26 
* 52
+4 2
-4 2
+4 2
+5 2
-9 6
fi=(28)
-39 4
cfi=(27)
cfn=(74)
calls=2 +36 
* 183
fe=(26)
+39 1
fi=(28)
-39 2
cfi=(27)
cfn=(74)
calls=1 +36 
* 47
* 3
fe=(26)
+51 6
+5 3
+4 3
-6 3
+2 3
+4 3
-5 3
+4 3
+1 3
-1 3
+1 6
cfi=(29)
cfn=(82)
calls=3 210 
* 44
* 3
+15 3
-15 3
+2 3
+13 6
+6 1
+2 7
+3 2
-3 14
+3 4
+2 3
+4 3
+3 10
+2 12
-2 8
+2 8
-2 16
+16 6
-5 3
+5 3
-6 3
+6 3
-6 3
+6 6
+2 4
+3 4
-3 4
+7 8
+4 6
+8 1
+13 1
-10 2
+10 5
-10 4
+10 6
+2 2
cfi=(22)
cfn=(62)
calls=2 57 
* 70
+21 2
-21 6
+17 2
-13 6
+50 6
cfi=(29)
cfn=(126)
calls=2 -48 
* 34
* 2
+5 4
+1 4
-1 80
+1 80
+4 4
+1 2
+3 2
+4 27
131 6
-8 2
-4 4
+34 1
+7 4
+8 8
fi=(28)
56 4
cfi=(27)
cfn=(78)
calls=2 -20 
* 60
* 2
fe=(26)
200 4
-1 4
64 2
+2 3
+1 2
+4 6
+6 2

fl=(212) ./elf/./elf/dl-fini.c
fn=(802) _dl_fini
26 5
+17 1
-17 6
+20 13
+3 2
cob=(2)
cfi=(213) ./nptl/./nptl/pthread_mutex_lock.c
cfn=(804) pthread_mutex_lock@@GLIBC_2.2.5
calls=1 +28 
* 44
+2 1
+3 2
+2 5
+7 3
-2 1
+2 1
cfi=(48)
cfn=(482)
calls=1 -22 
* 11
+5 15
+5 1
-5 1
+5 3
+2 8
+2 8
+2 8
+1 4
+1 4
+4 4
-12 12
+14 6
+1 4
+6 6
cfi=(13)
cfn=(232)
calls=1 298 
* 317
+9 2
cob=(2)
cfi=(214) ./nptl/./nptl/pthread_mutex_unlock.c
cfn=(806) pthread_mutex_unlock@@GLIBC_2.2.5
calls=1 367 
* 34
+5 6
+2 1
+2 2
-2 3
+2 6
+2 16
cfi=(215)
cfn=(808)
calls=4 -90 
* 328
+3 8
cfi=(48)
cfn=(834)
calls=4 -20 
* 20
-9 8
+14 4
-14 12
+18 3
cfi=(48)
cfn=(482)
calls=1 -85 
* 11
* 2
+6 4
+2 1
-2 2
+6 2
+7 8
-77 2

fl=(73)
fn=(240)
392 7
+4 5
-2 1
+4 24
cfn=(242) _dl_check_map_versions
calls=4 155 
* 4027
-2 4
+2 12
-1 4
-1 8
+5 7

fn=(242)
155 40
+15 12
+2 20
+2 4
+1 4
+2 8
+3 4
-16 4
+20 2
-4 2
-24 2
+28 14
+16 4
36 2
200 2
36 14
+1 5
-1 10
+2 21
cfi=(52)
cfn=(168)
calls=7 +30 
* 674
* 16
208 6
+5 2
fi=(225) ./elf/../sysdeps/generic/_itoa.h
76 6
fe=(73)
213 4
+4 4
+1 4
-1 4
+4 2
-3 2
+3 2
-3 6
-1 12
+1 12
-1 12
+4 6
-3 6
+3 6
-3 43
56 32
+8 24
+6 24
+16 8
+1 16
+2 8
+5 56
+14 136
+12 180
+4 60
-30 120
231 32
+3 24
+5 6
-24 6
110 8
+3 40
cfi=(32)
cfn=(94)
calls=8 -15 
* 289
* 24
224 24
+4 4
+15 6
+14 10
+3 4
+3 14
+3 8
+4 2
-7 8
+3 6
+4 44
-7 176
+3 134
+8 6
+6 6
fi=(28)
44 3
fe=(73)
280 6
fi=(28)
44 3
cfi=(27)
cfn=(74)
calls=3 +36 
* 123
fe=(73)
281 6
-2 3
fi=(28)
44 3
fe=(73)
281 3
+13 3
-3 3
+3 12
+2 6
+3 8
+4 6
+7 8
+1 8
-1 24
+1 8
+1 8
-2 8
+2 16
+1 24
+3 24
+5 6
-15 6
+2 6
-2 6
+2 6
-2 6
+2 12
-2 2
+2 2
-2 2
+2 2
-2 2
+2 4
+16 6
+10 4
+3 4
+4 46
+6 46
+1 46
+1 46
-1 138
+1 46
-1 46
+1 46
+1 46
+3 138
+4 46
-14 96
+10 6
+12 4
+1 4
+1 4
+1 2
+19 36
164 2
-8 2
257 5
+17 3
+60 2
-40 2
+76 4
+2 4
+4 2
-4 120
+1 60
+2 1
+1 2
-1 1
+1 1
cfi=(32)
cfn=(244) strncmp
calls=1 98 
* 32
* 2

fl=(11)
fn=(58)
153 15
-81 40
+81 15
-81 10
+10 5
fi=(226) ./elf/./dl-tunable-types.h
+2 5
fe=(11)
+9 40
+1 25
fi=(12) ./elf/./elf/dl-tunables.h
+47 10
fe=(11)
-26 25
+1 5
+1 5
+1 5
+39 15
fi=(12)
-15 10
fe=(11)
-45 10
+3 5
fi=(12)
+51 5
fe=(11)
-51 5
+4 10
+7 10
+1 10
-12 25

fn=(28)
387 36
+3 72
-3 36
+3 288
+9 33
-9 66
+19 22
+7 216
+2 36
-19 14
+1 14
+9 6

fn=(22)
261 8
+22 1
-22 1
128 1
283 1
-22 1
+6 4
42 165
+6 32
-3 32
+3 2348
+4 64
+4 64
fi=(12)
160 32
fe=(11)
56 64
fi=(12)
161 20
-1 92
+1 116
-1 64
fe=(11)
281 5248
+6 9504
fi=(12)
160 320
+1 640
-1 33
+1 132
-1 165
fe=(11)
304 8

fl=(77)
fn=(262)
207 55
+1 10
+12 4
+4 16
-4 4
+6 12
+3 4
-1 4
+1 8
+22 20
+4 4
+7 6
fi=(6)
81 8
fi=(4)
-2 4
fe=(77)
301 8
fi=(4)
79 8
fe=(77)
301 9833
fi=(4)
79 1
fe=(77)
301 1
fi=(4)
79 2
fe=(77)
301 154
-80 8
fi=(6)
393 8
fe=(77)
190 4
+31 4
-31 4
fi=(6)
393 12
fi=(5)
49 4
fe=(77)
301 4
fi=(5)
50 4
+30 4
-31 8
+4 4
-3 4
+3 4
-3 4
+3 12
+27 8
-31 4
fe=(77)
301 4
fi=(5)
50 4
+30 4
-31 8
+4 4
-3 4
+3 4
-3 4
+3 12
+27 8
fe=(77)
301 24
fi=(5)
51 4
fi=(4)
+28 20
fi=(6)
730 8
+4 6
fe=(77)
304 20
+24 4
+3 8
+17 12
+2 40
-98 8
+3 4
+7 2
-9 2
+9 4
fi=(6)
81 4
fi=(5)
+33 24
+9 14
+1 2
fi=(6)
498 2
fi=(5)
124 2
fi=(6)
498 4
fi=(5)
124 4
fi=(6)
498 4
fi=(5)
124 4
fi=(6)
498 8
+5 12
+1 6
fi=(5)
123 6
fi=(6)
504 6
-5 6
fi=(5)
123 12
+3 24
+3 24
+2 21
fe=(77)
+59 6
fi=(5)
73 3
fe=(77)
190 3
fi=(5)
72 3
fe=(77)
190 27
fi=(5)
-57 6
+1 3
+1 3
-2 3
+2 3
+3 3
-5 3
+2 3
-2 3
+1 6
+2 3
-2 3
+2 9
+2 6
-5 348
+1 174
+1 174
-2 174
+2 174
+3 174
-5 174
+2 174
-2 174
+1 348
+2 174
-2 174
+2 522
+2 348
+9 130
fi=(6)
267 260
+7 260
+4 260
fe=(77)
170 520
fi=(4)
-30 345
fe=(77)
+31 230
+3 230
+8 216
-8 963
+12 212
-3 106
+1 106
+2 428
-3 2
+1 2
+2 116
+1 108
-1 108
+2 216
-1 432
+3 648
cfi=(78)
cfn=(270)
calls=108 772 
* 59401
+3 108
+1 216
-4 108
+4 540
fi=(6)
+93 457
+3 112
-3 351
+3 127
-3 127
+5 256
+25 780
423 24
fi=(5)
150 24
fi=(6)
423 210
fi=(5)
150 350
-19 717
+33 12
+1 64
+1 189
+3 94
+4 47
-1 47
-3 47
+2 94
+2 47
-2 94
fe=(77)
-1 188
fi=(6)
287 47
+3 47
-3 47
+4 94
476 94
+2 47
cfi=(15)
cfn=(462)
calls=1 71 
* 6
cob=(2)
cfi=(139) ./string/../sysdeps/x86_64/multiarch/strncase.c
cfn=(432) strncasecmp
calls=1 31 
* 21
cob=(2)
cfi=(138) ./string/../sysdeps/x86_64/multiarch/mempcpy.c
cfn=(428) mempcpy
calls=1 33 
* 22
cob=(2)
cfi=(137) ./wcsmbs/../sysdeps/x86_64/multiarch/wcpcpy.c
cfn=(424) wcpncpy
calls=1 31 
* 18
cob=(2)
cfi=(136) ./string/../sysdeps/x86_64/multiarch/strspn.c
cfn=(422) strspn
calls=1 29 
* 7
cob=(2)
cfi=(134) ./string/../sysdeps/x86_64/multiarch/memchr.c
cfn=(418) memchr
calls=1 29 
* 23
cob=(2)
cfi=(133) ./string/../sysdeps/x86_64/multiarch/memmove.c
cfn=(414) memmove
calls=1 29 
* 22
cob=(2)
cfi=(132) ./string/../sysdeps/x86_64/multiarch/stpcpy.c
cfn=(410) stpcpy
calls=1 33 
* 17
cob=(2)
cfi=(131) ./debug/../sysdeps/x86_64/multiarch/memmove_chk.c
cfn=(406) __memmove_chk
calls=1 29 
* 22
cob=(2)
cfi=(129) ./wcsmbs/../sysdeps/x86_64/multiarch/wmemcmp.c
cfn=(402) wmemcmp
calls=1 29 
* 24
cob=(2)
cfi=(128) ./string/../sysdeps/x86_64/multiarch/strncpy.c
cfn=(398) strncpy
calls=1 29 
* 19
cob=(2)
cfi=(127) ./string/../sysdeps/x86_64/multiarch/strlen.c
cfn=(394) strlen
calls=1 29 
* 25
cob=(2)
cfi=(100) ./wcsmbs/../sysdeps/x86_64/multiarch/wcscat.c
cfn=(390) wcscat
calls=1 31 
* 18
cob=(2)
cfi=(126) ./string/../sysdeps/x86_64/multiarch/strcasecmp_l.c
cfn=(386) strcasecmp_l
calls=1 31 
* 21
cob=(2)
cfi=(125) ./string/../sysdeps/x86_64/multiarch/strcpy.c
cfn=(382) strcpy
calls=1 29 
* 17
cob=(2)
cfi=(123) ./wcsmbs/../sysdeps/x86_64/multiarch/wmemset.c
cfn=(378) wmemset
calls=2 31 
* 20
cob=(2)
cfi=(121) ./string/../sysdeps/x86_64/multiarch/memcmp.c
cfn=(374) bcmp
calls=1 29 
* 24
cob=(2)
cfi=(120) ./string/../sysdeps/x86_64/multiarch/strchrnul.c
cfn=(370) strchrnul
calls=1 31 
* 25
cob=(2)
cfi=(119) ./string/../sysdeps/x86_64/multiarch/strncase_l.c
cfn=(366) strncasecmp_l
calls=1 31 
* 21
cob=(2)
cfi=(117) ./string/../sysdeps/x86_64/multiarch/strcat.c
cfn=(362) strcat
calls=1 29 
* 17
cob=(2)
cfi=(116) ./wcsmbs/../sysdeps/x86_64/multiarch/wcscpy.c
cfn=(360) wcscpy
calls=1 60 
* 16
cob=(2)
cfi=(115) ./string/../sysdeps/x86_64/multiarch/strcspn.c
cfn=(358) strcspn
calls=1 29 
* 7
cob=(2)
cfi=(113) ./string/../sysdeps/x86_64/multiarch/strcasecmp.c
cfn=(354) strcasecmp
calls=1 31 
* 21
cob=(2)
cfi=(112) ./string/../sysdeps/x86_64/multiarch/strncmp.c
cfn=(352) strncmp
calls=1 67 
* 21
cob=(2)
cfi=(110) ./wcsmbs/../sysdeps/x86_64/multiarch/wmemchr.c
cfn=(348) wmemchr
calls=2 31 
* 46
cob=(2)
cfi=(108) ./string/../sysdeps/x86_64/multiarch/stpncpy.c
cfn=(344) stpncpy
calls=1 31 
* 19
cob=(2)
cfi=(107) ./wcsmbs/../sysdeps/x86_64/multiarch/wcscmp.c
cfn=(340) wcscmp
calls=1 30 
* 25
cob=(2)
cfi=(106) ./string/../sysdeps/x86_64/multiarch/strrchr.c
cfn=(336) rindex
calls=1 28 
* 25
cob=(2)
cfi=(104) ./debug/../sysdeps/x86_64/multiarch/memset_chk.c
cfn=(332) __memset_chk
calls=1 29 
* 24
cob=(2)
cfi=(103) ./string/../sysdeps/x86_64/multiarch/strchr.c
cfn=(330) index
calls=1 65 
* 19
cob=(2)
cfi=(100)
cfn=(324) wcschr
calls=2 31 
* 50
cob=(2)
cfi=(98) ./string/../sysdeps/x86_64/multiarch/memcmpeq.c
cfn=(320) memcpy@@GLIBC_2.14
calls=1 29 
* 22
cob=(2)
cfi=(96) ./wcsmbs/../sysdeps/x86_64/multiarch/wcsncpy.c
cfn=(316) wcsncpy
calls=1 31 
* 18
cob=(2)
cfi=(95) ./string/../sysdeps/x86_64/multiarch/memrchr.c
cfn=(312) memrchr
calls=1 29 
* 25
cob=(2)
cfi=(94) ./debug/../sysdeps/x86_64/multiarch/memcpy_chk.c
cfn=(308) __memcpy_chk
calls=1 29 
* 22
cob=(2)
cfi=(92) ./debug/../sysdeps/x86_64/multiarch/mempcpy_chk.c
cfn=(304) __mempcpy_chk
calls=1 29 
* 22
cob=(2)
cfi=(91) ./wcsmbs/../sysdeps/x86_64/multiarch/wcslen.c
cfn=(300) wcslen
calls=1 29 
* 19
cob=(2)
cfi=(89) ./string/../sysdeps/x86_64/multiarch/memset.c
cfn=(296) memset
calls=1 29 
* 24
cob=(2)
cfi=(87) ./wcsmbs/../sysdeps/x86_64/multiarch/wcsnlen.c
cfn=(292) wcsnlen
calls=1 30 
* 19
cob=(2)
cfi=(86) ./string/../sysdeps/x86_64/multiarch/strcmp.c
cfn=(290) strcmp
calls=1 79 
* 19
cob=(2)
cfi=(85) ./string/../sysdeps/x86_64/multiarch/strpbrk.c
cfn=(288) strpbrk
calls=1 29 
* 7
cob=(2)
cfi=(83) ./string/../sysdeps/x86_64/multiarch/strnlen.c
cfn=(284) strnlen
calls=2 31 
* 50
cob=(2)
cfi=(81) ./string/../sysdeps/x86/cacheinfo.c
cfn=(280) __x86_cacheinfo
calls=1 86 
* 28
fi=(5)
165 47
fi=(6)
479 47
fi=(5)
165 100
-14 111
fi=(6)
460 3
+5 2
-1 3
+1 2
-1 1
cfi=(29)
cfn=(82)
calls=1 210 
* 11
+2 5
+1 2
-67 48
+2 64
+4 16
+9 16
-9 32
+9 16
fi=(5)
150 32
fi=(6)
320 37
+3 37
-36 75
fi=(5)
141 47
+1 47
-1 141
+2 47
fi=(6)
287 235
fe=(77)
175 63
+3 7
-1 7
+19 7
-18 14
fi=(6)
295 2
+1 3
+11 2
+7 1
cob=(2)
cfi=(127)
cfn=(394)
calls=1 29 
* 25
* 4
fe=(77)
+42 20
+3 4
-3 4
+3 4
+4 8
+1 16
cfi=(140)
cfn=(436) mprotect
calls=4 117 
* 24
* 8
-63 6
fi=(5)
180 7
fe=(77)
+10 2
fi=(5)
73 1
fe=(77)
190 3
fi=(6)
436 7
fi=(5)
182 2
+1 2
-1 1
+3 1
-3 4
+3 2
-3 10
+1 10
-1 5
+3 5
-3 20
+3 10
+8 6
fi=(6)
+74 12
+7 12
+4 12
fe=(77)
170 24
fi=(4)
-30 18
fe=(77)
+31 12
+3 12
+8 12
-8 54
+12 12
-3 6
+1 6
+2 36
+4 24
-4 6
+4 18
cfi=(78)
cfn=(270)
calls=6 772 
* 2969
+3 6
+1 12
-4 6
+4 30
fi=(6)
+93 20
+3 2
-3 6
+3 2
-3 2
+5 4
+25 36
423 6
fi=(5)
196 18
-16 24
+31 7
fe=(77)
-33 7
-3 21

fl=(140)
fn=(436)
117 20
+5 4

fn=(486)
117 5
+5 1

fl=(32)
fn=(94)
98 210
+33 210
+1 210
+2 210
+1 210
+21 210
+1 210
+1 172
+1 172
+1 162
+1 162
+1 162
+1 162
+17 162
+1 162
+1 162
+1 162
+1 162
+1 162
+1 162
+5 12
+1 36
+9 12
+1 12
+1 12
+1 12
+1 12
+1 12
+1 12
+1 12
-7 48
+1 48
+1 48
+1 48
+1 48
+1 48
+1 48
+1 48
+1 55
+1 28
+1 28
+1 28
+2 28
+1 28
+1 28
+1 28
+1 28
+1 28
-5 27
+1 27
+1 27
+1 27
+1 27
+1 27
+10 5
+1 5
+1 5
+2 5
+6 5
+1 5
+1 5
+1 5
+1 5
+5 5
+52 6
+1 6
+1 6
+1 6
+1 6
+2 6
+1 6
+1 6
+1 6
+1 6
+1 6
+1 6
+1 6
+3 6
+1 6
+1 6
+6 6
+1 6
+1 12
+4 6
+1 6
+3 6
+1 6
+1 6
+2 6
+1 6
+1 6
+4 6
+1 6
+1 6
+1 6
+1 6
+1 6
+75 1
+1 1
+1 1
+1 1
+1 1
+2 1
+1 1
+1 1
+1 1
+1 1
+1 1
+1 1
+1 1
+3 1
+1 1
+1 1
+6 1
+1 1
+1 2
+4 1
+1 1
+3 1
+1 1
+1 1
+2 1
+1 1
+1 1
+4 1
+1 1
+1 1
+1 1
+1 1
+1 1
661 1
+1 1
+1 1
+1 1
+1 1
+2 1
+1 1
+1 1
+1 1
+1 1
+1 1
+1 1
780 2
+1 2
+1 2
+1 2
+1 2
+2 2
+1 2
+1 2
+1 2
+1 2
+1 2
+1 2
+1 1
+4 1
+1 1
+1 1
+6 1
+1 1
+1 2
+4 1
+1 1
+3 1
+1 1
+1 1
+2 1
+1 1
+1 1
+4 1
+1 1
+1 1
+1 1
+1 1
+1 1
+69 4
+1 4
+1 4
+1 4
+1 4
+2 4
+1 4
+1 4
+1 4
+1 4
+1 4
+1 4
+1 2
+4 2
+1 2
+1 2
+6 2
+1 2
+1 4
+4 2
+1 2
+3 2
+1 2
+1 2
+2 2
+1 2
+1 2
+4 2
+1 2
+1 2
+1 2
+1 2
+1 2
+7 1
+1 1
+2 1
+1 1
+2 1
+1 1
+1 1
+2 1
+1 1
+1 1
+4 1
+1 1
+1 1
+1 1
+1 1
+1 1
+41 3
+1 3
+1 3
+1 3
+1 3
+2 3
+1 3
+1 3
+1 3
+1 3
+1 3
+1 3
+1 3
+4 3
+1 3
+1 3
+6 3
+1 3
+1 6
+4 3
+1 3
+3 3
+1 3
+1 3
+2 3
+1 3
+1 3
+4 3
+1 3
+1 3
+1 3
+1 3
+1 3
+69 4
+1 4
+1 4
+1 4
+1 4
+2 4
+1 4
+1 4
+1 4
+1 4
+1 4
+1 4
1256 14
+1 14
+1 14
+1 14
+1 14
+2 14
+1 14
+1 14
+1 14
+1 14
+1 14
+1 14
+1 6
+4 6
+1 6
+1 6
+6 6
+1 6
+1 12
+4 6
+1 6
+3 6
+1 6
+1 6
+2 6
+1 6
+1 6
+4 6
+1 6
+1 6
+1 6
+1 6
+1 6
1494 5
+1 5
+1 5
+1 5
+1 5
+2 5
+1 5
+1 5
+1 5
+1 5
+1 5
+1 5
+1 4
+4 4
+1 4
+1 4
+6 4
+1 4
+1 8
+4 4
+1 4
+3 4
+1 4
+1 4
+2 4
+1 4
+1 4
+4 4
+1 4
+1 4
+1 4
+1 4
+1 4
+69 3
+1 3
+1 3
+1 3
+1 3
+2 3
+1 3
+1 3
+1 3
+1 3
+1 3
+1 3
+1 3
+4 3
+1 3
+1 3
+6 3
+1 3
+1 6
+4 3
+1 3
+3 3
+1 3
+1 3
+2 3
+1 3
+1 3
+4 3
+1 3
+1 3
+1 3
+1 3
+1 3
+7 1
+1 1
+2 1
+1 1
+2 1
+1 1
+1 1
+2 1
+1 1
+1 1
+4 1
+1 1
+1 1
+1 1
+1 1
+1 1
+41 6
+1 6
+1 6
+1 6
+1 6
+2 6
+1 6
+1 6
+1 6
+1 6
+1 6
+1 6
+1 5
+4 5
+1 5
+1 5
+6 5
+1 5
+1 10
+4 5
+1 5
+3 5
+1 5
+1 5
+2 5
+1 5
+1 5
+4 5
+1 5
+1 5
+1 5
+1 5
+1 5
+7 1
+1 1
+2 1
+1 1
+2 1
+1 1
+1 1
+2 1
+1 1
+1 1
+4 1
+1 1
+1 1
+1 1
+1 1
+1 1
+41 5
+1 5
+1 5
+1 5
+1 5
+2 5
+1 5
+1 5
+1 5
+1 5
+1 5
+1 5
+1 4
+4 4
+1 4
+1 4
+6 4
+1 4
+1 8
+4 4
+1 4
+3 4
+1 4
+1 4
+2 4
+1 4
+1 4
+4 4
+1 4
+1 4
+1 4
+1 4
+1 4
+69 1
+1 1
+1 1
+1 1
+1 1
+2 1
+1 1
+1 1
+1 1
+1 1
+1 1
+1 1
2093 35
+2 35
+1 35
+1 35
+1 35
-3 25
+1 25
+1 25
+1 25
+1 56
+5 28
+6 28
+1 28
+8 28
+1 28
-16 182
+6 182
+1 182
+8 182
+1 182

fn=(244)
98 1
+27 1
+1 1
+1 1
+1 1
+1 1
+2 1
+1 1
+2 1
+1 1
+21 1
+1 1
+1 1
+1 1
+1 1
+1 1
+1 1
+1 1
+17 1
+1 1
+1 1
+1 1
+1 1
+1 1
+1 1
2104 1
+3 1
+1 1
+2 1
+1 1
+8 1
+1 1

fl=(141)
fn=(446) _dlfo_process_initial
474 2
+3 2
-3 6
+1 2
+3 4
+26 14
+1 6
+1 8
-1 16
+3 28
+3 24
-7 10
+27 2
-2 2
+2 6
-18 18
+3 6
-1 6
cfi=(142)
cfn=(444)
calls=3 95 
* 189
+2 12

fn=(448) _dlfo_sort_mappings
536 1
+1 2
+3 4
+4 1
+1 1
-1 1
+1 2
-1 1
+1 1
-1 1
+1 6
+1 15
+3 2
-1 2
-3 9
+8 6
+1 4
-1 2
-13 4
+14 6
+1 4
-15 4
+17 1

fn=(442)
561 2
+3 1
-3 3
+5 2
+13 1
cfn=(446)
calls=1 474 
* 81
+1 1
-1 1
+1 1
fi=(28)
56 1
cfi=(27)
cfn=(78)
calls=1 -20 
* 30
fe=(141)
580 1
fi=(28)
56 1
fe=(141)
582 2
+3 2
+5 1
+1 1
cfn=(446)
calls=1 474 
* 282
+3 3
+10 4
-37 2
cfi=(142)
cfn=(444)
calls=1 95 
* 68
* 1
+29 2
cfn=(448)
calls=1 -60 
* 80
+3 6
+2 1

fl=(62)
fn=(194)
25 3
+1 12
+1 3

fl=(70)
fn=(224)
25 4
+1 8
+1 2

ob=(2)
fl=(131)
fn=(406)
29 1
fi=(93) ./debug/../sysdeps/x86_64/multiarch/ifunc-memmove.h
+28 3
-1 2
+4 3
+14 2
+3 2
+8 2
+8 2
+3 5
fe=(131)

fl=(119)
fn=(366)
31 1
fi=(114) ./string/../sysdeps/x86_64/multiarch/ifunc-strcasecmp.h
+6 2
-1 4
fe=(119)
-5 2
fi=(114)
+7 3
+3 2
+4 3
+3 4
fe=(119)

fl=(166) ./setjmp/../sysdeps/x86_64/setjmp.S
fn=(548) __sigsetjmp
31 1
+2 1
+9 1
+1 2
+1 1
+4 1
+1 1
+1 1
+1 1
+1 1
+2 2
+2 1
+1 1
+1 1
+2 2
+2 1
+5 1
+1 1
+17 1
cfi=(167) ./setjmp/./setjmp/sigjmp.c
cfn=(550) __sigjmp_save
calls=1 -57 
* 13

fl=(197) ./io/../sysdeps/unix/sysv/linux/write.c
fn=(712) write
25 138
+1 828
+1 138

fl=(201) ./stdio-common/./stdio-common/Xprintf_buffer_write.c
fn=(732) __printf_buffer_write
27 657
+1 1971
-1 4599
+4 2370
+2 1056
+3 528
fi=(227) ./stdio-common/../string/bits/string_fortified.h
-7 528
fe=(201)
+8 1056
fi=(227)
-8 528
fe=(201)
+12 528
fi=(227)
-12 528
cob=(3)
cfi=(153)
cfn=(672) 0x00000000048756b0
calls=528 -29 
* 10033
fe=(201)
+11 1584
-9 1056
+2 1584
+11 3942

fl=(92)
fn=(304)
29 1
fi=(93)
+28 3
-1 2
+4 3
+14 2
+3 2
+8 2
+8 2
+3 5
fe=(92)

fl=(121)
fn=(374)
29 1
fi=(122) ./string/../sysdeps/x86_64/multiarch/ifunc-memcmp.h
+5 5
+1 2
+1 2
+1 3
+3 2
+4 3
+3 4
fe=(121)
-18 2

fl=(107)
fn=(340)
30 1
fi=(101) ./wcsmbs/../sysdeps/x86_64/multiarch/ifunc-avx2.h
+10 3
-2 4
fe=(107)
-8 2
fi=(101)
+11 2
+1 3
+3 2
+4 3
+3 5
fe=(107)

fl=(200) ./stdio-common/./stdio-common/printf_buffer_to_file.c
fn=(740) __printf_buffer_to_file_done
117 133
+1 399
-1 133
-64 133
+64 798
-66 532
+2 399
+69 133
-1 133
+1 532
-1 133
cfi=(205) ./stdio-common/./stdio-common/Xprintf_buffer_done.c
cfn=(746) __printf_buffer_done
calls=133 -96 
* 2527
-56 266
cfn=(724) __printf_buffer_to_file_switch
calls=133 -36 
* 1729
+1 133
-8 133
+1 133
fi=(228) ./stdio-common/../libio/libioP.h
1025 133
fe=(200)
58 133
+1 133
-1 133
fi=(228)
1025 266
+1 266
fe=(200)
59 266
cfi=(177) ./libio/./libio/fileops.c
cfn=(614) _IO_file_xsputn@@GLIBC_2.2.5
calls=133 1198 
* 31025
* 266

fn=(722) __printf_buffer_to_file_init
108 133
+1 133
fi=(204) ./stdio-common/../include/printf_buffer.h
+18 133
fe=(200)
-18 133
fi=(204)
+28 133
-9 133
+9 133
-13 133
fe=(200)
-13 133
fi=(204)
+13 133
fe=(200)
-12 133
cfn=(724)
calls=133 -83 
* 1729

fn=(724)
29 266
+1 1330
+10 266
+1 266
+3 1064
+1 266

fl=(190) ./string/../sysdeps/x86_64/multiarch/memchr-avx2.S
fn=(670) __memchr_avx2
61 688171
+7 688171
+2 688171
+3 688171
+1 688171
+2 688171
+1 688171
+1 688171
+1 688171
+3 682968
+1 682968
+3 682968
+1 682968
+14 685825
+5 685825
+7 685825
+1 685825
+1 684217
+1 684217
+12 1608
+1 1608
+32 898
+1 898
+1 898
+2 898
+10 898
+1 898
+3 898
+1 898
+77 898
+1 898
+52 898
+2 898
+2 898
+1 898
+1 894
+1 894
+1 1788
+3 4
+1 8
+90 5203
+3 5203
+1 5203
+1 5203
+3 5203
+1 5203
+7 5203
+3 5203
+1 5203
+2 2346
+1 2346
+1 1448
+1 1448
+1 2896

fl=(203) ./stdio-common/./stdio-common/_itoa.c
fn=(736) _itoa_word
169 261
+3 1044
+2 522
+9 6990
+9 522

fl=(173) ./misc/./misc/sbrk.c
fn=(578) sbrk
37 64
+3 8
+3 8
-3 8
+3 8
+35 7
-20 16
+4 16
+4 28
+8 7
cfi=(174) ./misc/../sysdeps/unix/sysv/linux/brk.c
cfn=(580) brk
calls=7 -38 
* 63
* 14
+4 49
-19 2
cfi=(174)
cfn=(580)
calls=1 -23 
* 9
* 2
+4 2

fl=(196) ./libio/./libio/ioputs.c
fn=(702) puts
33 40
+2 4
cob=(3)
cfi=(153)
cfn=(704) 0x0000000004875500
calls=4 -35 
* 64
+1 4
-1 4
+1 12
-3 4
+6 13
+1 1
fi=(185) ./libio/./libio/libioP.h
1025 3
+1 2
fe=(196)
40 3
fi=(185)
1025 9
+1 6
fe=(196)
40 12
cfi=(177)
cfn=(614)
calls=4 1198 
* 1599
* 8
+1 16
+1 16
fi=(185)
979 8
+1 32
fe=(196)
46 32
-10 20
+2 6
-2 20
+5 8
cfi=(176) ./libio/./libio/genops.c
cfn=(706) __overflow
calls=4 199 
* 676
* 8

fl=(86)
fn=(290)
79 1
-31 2
+1 1
-2 4
+2 2
+3 2
+4 3
+3 3
+20 1

fl=(183) ./libio/./libio/filedoalloc.c
fn=(620) _IO_file_doallocate
78 44
+6 16
fi=(185)
1025 12
+1 8
fe=(183)
84 12
cfi=(177)
cfn=(622) _IO_file_stat
calls=4 1147 
* 36
* 8
+2 16
+11 16
+4 8
cob=(3)
cfi=(153)
cfn=(560) 0x00000000048753f0
calls=4 0 
* 683
* 4
+1 8
+2 16
cfi=(176)
cfn=(626) _IO_setb
calls=4 329 
* 116
+1 4
+1 36
-15 1
fi=(229) ./libio/../include/sys/sysmacros.h
-44 6
fe=(183)
+44 1
-2 2
+5 2

fl=(191) ./string/../sysdeps/x86_64/multiarch/memmove-vec-unaligned-erms.S
fn=(744) __mempcpy_avx_unaligned_erms
242 136
+1 136
+1 136
+1 136
+17 136
+1 136
+2 1
+1 1
+1 1
+3 1
+1 1
+1 1
+3 2
+30 135
+1 135
+2 130
+1 130
+33 5
+1 5
+1 5
+1 5
+2 5
+17 130
+1 130
+1 130
+1 130
+1 130

fn=(674) __memcpy_avx_unaligned_erms
255 688699
+1 688699
+6 688699
+1 688699
+42 688699
+1 688699
+2 688698
+1 688698
+2 500274
+4 500274
+1 27737
+1 27737
+1 27737
+1 27737
+1 26658
+1 26658
+2 26658
+2 26658
-2 1079
+2 1079
+6 472537
+1 472537
+1 472537
+1 472537
+1 472537
+7 1
+1 1
+1 1
+1 1
+2 1
+17 188424
+1 188424
+1 188424
+1 188424
+1 188424

fl=(163) ./stdlib/./stdlib/cxa_atexit.c
fn=(526) __cxa_atexit
67 7
-26 2
+2 8
+1 2
cfn=(528) __new_exitfn
calls=1 +36 
* 33
+2 2
+8 1
-2 1
+3 1
+1 1
-4 2
+1 1
+4 4
+1 1
+11 6

fn=(528)
80 1
+6 2
-6 4
+11 2
-10 1
+10 4
+2 4
-2 1
+10 1
-10 3
+45 1
+5 3
-4 1
+4 2
-18 1
-1 1
+12 1

fl=(132)
fn=(410)
33 1
fi=(118) ./string/../sysdeps/x86_64/multiarch/ifunc-strcpy.h
+5 2
+1 1
-1 2
+1 2
+3 2
+4 3
+3 3
fe=(132)
-16 1

fl=(214)
fn=(806)
367 1
51 3
+1 2
367 3
57 2
+8 1
-3 1
-23 1
+1 4
+1 1
+29 1
+2 1
369 2
74 2
+6 4
+4 3
+3 2

fl=(123)
fn=(378)
31 2
fi=(124) ./wcsmbs/../sysdeps/x86_64/multiarch/ifunc-wmemset.h
+5 10
+1 6
fe=(123)
-6 2

fl=(120)
fn=(370)
31 1
fi=(84) ./string/../sysdeps/x86_64/multiarch/ifunc-avx2.h
+9 3
-2 4
fe=(120)
-7 2
fi=(84)
+10 2
+1 3
+3 2
+4 3
+3 5
fe=(120)

fl=(94)
fn=(308)
29 1
fi=(93)
+28 3
-1 2
+4 3
+14 2
+3 2
+8 2
+8 2
+3 5
fe=(94)

fl=(177)
fn=(664) _IO_file_read
1131 1074
+3 1074
-1 1074
+1 2148
cfi=(189) ./io/../sysdeps/unix/sysv/linux/read.c
cfn=(666) read
calls=1074 25 
* 8592

fn=(616) _IO_file_overflow@@GLIBC_2.2.5
732 1200
+1 600
+7 746
+37 148
-2 296
+3 30
+3 45
+1 45
+1 60
+4 15
+1 90
-45 4
+12 4
+9 6
+5 6
+2 4
-5 2
+5 2
+1 2
-5 2
+1 2
+4 4
-7 2
+10 4
+13 135
-12 135
+1 135
+11 540
-12 135
cfn=(628) _IO_do_write@@GLIBC_2.2.5
calls=135 424 
* 13975
+9 8
-1 4
+1 4
-1 4
cfn=(628)
calls=4 424 
* 420
* 8
-12 4
+1 2
-28 4
cfi=(176)
cfn=(618) _IO_doallocbuf
calls=2 343 
* 603
+1 2
+9 2
-9 10

fn=(860) _IO_file_setbuf@@GLIBC_2.2.5
382 6
+1 1
cfi=(176)
cfn=(862) _IO_default_setbuf
calls=1 +69 
* 69
* 2
+3 1
+4 2
-2 3
+3 3

fn=(864) _IO_file_sync@@GLIBC_2.2.5
793 7
+5 4
+2 1
+1 2
+11 2
+4 5

fn=(600) _IO_file_open
182 6
+3 3
-3 30
+2 6
+4 3
cfi=(179) ./io/../sysdeps/unix/sysv/linux/open64.c
cfn=(602) open
calls=3 30 
* 110
* 3
+1 6
+3 6
+3 3
-4 3
+1 9
+3 3
-3 3
+3 3
+10 6
cfi=(176)
cfn=(592) _IO_link_in
calls=3 87 
* 63
+1 3
+1 18

fn=(614)
1198 966
+7 138
-7 276
+6 552
+9 276
-2 552
+17 6
+1 3
+5 3
+2 6
+2 3
-4 3
+2 3
+2 3
-1 3
-1 3
cob=(3)
cfi=(153)
cfn=(742) 0x0000000004875430
calls=3 0 
* 50
-2 133
+2 266
+2 133
-4 133
+2 133
+2 133
-1 133
-1 133
cob=(3)
cfi=(153)
cfn=(742)
calls=133 0 
* 2251
+2 136
-2 136
+4 272
+28 1242
-55 136
+4 136
-4 136
+1 272
-14 2
+44 2
fi=(185)
1025 6
+1 4
fe=(177)
1244 133
fi=(185)
1025 399
+1 266
fe=(177)
1244 405
cfn=(616)
calls=135 732 
* 18416
* 270
+6 270
+1 675
+2 405
+11 270
+1 8
cfi=(176)
cfn=(630) _IO_default_xsputn
calls=2 371 
* 751
+2 6
-48 600
-2 409
446 266
1221 133
+11 399
444 266

fn=(622)
1147 4
+1 8
cfi=(184) ./io/../sysdeps/unix/sysv/linux/fstat64.c
cfn=(624) fstat
calls=4 30 
* 24

fn=(760) _IO_file_close
1165 3
+3 6
cfi=(207) ./io/../sysdeps/unix/sysv/linux/close_nocancel.c
cfn=(762) __close_nocancel
calls=3 25 
* 18

fn=(590) _IO_new_file_init_internal
106 18
+5 3
-1 3
+3 3
cfi=(176)
cfn=(592)
calls=3 -26 
* 267
+1 3
+1 9

fn=(756) _IO_file_close_it@@GLIBC_2.2.5
128 21
+2 9
+4 6
+3 3
-3 3
-1 6
+6 3
+3 3
-3 3
cfi=(176)
cfn=(758) _IO_unsave_markers
calls=3 937 
* 42
+3 9
fi=(185)
1025 9
+1 6
fe=(177)
142 6
cfn=(760)
calls=3 1165 
* 27
* 3
+3 9
+8 15
cfi=(176)
cfn=(626)
calls=3 329 
* 612
+1 3
+3 3
-3 9
+3 3
cfi=(176)
cfn=(752) _IO_un_link
calls=3 53 
* 12
+5 3
-4 3
+1 3
+3 3
-2 3
+3 21
-28 7
cfn=(628)
calls=1 424 
* 107
* 2

fn=(778) _IO_file_finish@@GLIBC_2.2.5
168 15
+1 3
-1 3
+1 3
+6 6
+1 9
-1 3
cfi=(176)
cfn=(780) _IO_default_finish
calls=3 601 
* 60

fn=(598) _IO_file_fopen@@GLIBC_2.2.5
213 36
+9 6
+2 20
+23 18
357 36
224 4
+57 12
cfn=(600)
calls=3 -99 
* 287
* 3
+3 6
+3 9
cfi=(180) ./string/../string/strstr.c
cfn=(604) __GI_strstr
calls=3 77 
* 177
* 3
+1 6
-74 2
+13 2
+1 4
+19 18

fn=(628)
424 140
+2 420
+1 2
-3 414
fi=(185)
1025 138
fe=(177)
424 1104
+20 138
-10 276
+7 552
fi=(185)
1025 276
+1 276
fe=(177)
449 552
cfn=(710) _IO_file_write@@GLIBC_2.2.5
calls=138 1174 
* 6348
* 138
+1 414
+2 138
+4 276
-3 276
-1 276
+4 277
-30 2
+28 1
-28 2
+1 8
-1 274
+28 137
-28 274
+1 1096
+28 277

fn=(658) _IO_file_underflow@@GLIBC_2.2.5
462 1074
+4 3222
-4 9666
+7 2148
+6 3222
+3 2148
+12 2144
fi=(185)
1025 1074
fe=(177)
506 2148
cfi=(176)
cfn=(662) _IO_switch_to_get_mode
calls=1074 164 
* 27924
+6 1074
+5 1074
-5 1074
fi=(185)
1025 2148
fe=(177)
512 1074
fi=(185)
1025 1074
fe=(177)
512 3222
fi=(185)
1026 2148
fe=(177)
517 4296
cfn=(664)
calls=1074 1131 
* 13962
+2 2148
+16 1072
-9 1072
+9 2144
+2 2144
+1 8592
-6 2
-10 14
-55 4
+14 6
+5 4
cfi=(176)
cfn=(618)
calls=2 343 
* 568
+4 8

fn=(710)
1174 1104
+2 552
-1 276
+6 138
cfi=(197)
cfn=(712)
calls=138 25 
* 1104
+1 276
+5 138
+1 138
-12 276
+4 414
+1 276
+10 414
+3 828
-4 414

fl=(100)
fn=(390)
31 1
fi=(97) ./wcsmbs/../sysdeps/x86_64/multiarch/ifunc-wcs.h
+9 3
-1 4
+2 3
+3 2
+4 4
fe=(100)
-17 1

fn=(324)
31 2
fi=(101)
+9 6
-2 8
fi=(102) ./wcsmbs/../sysdeps/x86_64/multiarch/wcschr.c
-7 4
fi=(101)
+10 4
+1 6
+3 4
+4 6
+3 10
fe=(100)

fl=(108)
fn=(344)
31 1
fi=(109) ./string/../sysdeps/x86_64/multiarch/ifunc-strncpy.h
+4 5
+1 3
+3 2
+4 3
+3 4
fe=(108)
-15 1

fl=(133)
fn=(414)
29 1
fi=(99) ./string/../sysdeps/x86_64/multiarch/ifunc-memmove.h
+28 3
-1 2
+4 3
+14 2
+3 2
+8 2
+8 2
+3 5
fe=(133)

fl=(181) ./string/../sysdeps/x86_64/multiarch/strchr-avx2.S
fn=(608) __strchr_avx2
53 3
+2 3
+1 3
+1 3
+1 3
+1 3
+3 3
+1 3
+4 3
+1 3
+1 3
+1 3
+1 3
+1 3
+1 3
+1 3
+3 3
+8 3
+8 3
+1 6

fn=(730) __strchrnul_avx2
53 395
+2 395
+1 395
+1 395
+1 395
+1 395
+3 395
+1 395
+4 395
+1 395
+1 395
+1 395
+1 395
+1 395
+1 395
+1 395
+13 395
+2 790

fl=(193) ./debug/./debug/strncpy_chk.c
fn=(690) __strncpy_chk
24 23305
+1 46610
+3 23305
cob=(3)
cfi=(153)
cfn=(692) 0x00000000048754f0
calls=23305 -28 
* 711111

fl=(216) ./stdlib/./stdlib/cxa_finalize.c
fn=(818) __cxa_finalize
30 4
+3 4
-3 16
+3 10
+3 8
+4 14
-4 6
+57 8
+4 12
-4 6
+12 4
cfi=(217) ./posix/./posix/register-atfork.c
cfn=(820) __unregister_atfork
calls=2 -23 
* 40
+1 8
+1 16

fl=(199) ./stdio-common/./stdio-common/vfprintf-internal.c
fn=(726) __printf_buffer
600 1596
fi=(208) ./stdio-common/./stdio-common/printf-parse.h
82 133
fe=(199)
600 266
fi=(208)
82 133
fe=(199)
600 133
+27 399
+11 133
-11 133
+11 133
-11 133
+11 266
fi=(208)
82 133
cob=(3)
cfi=(153)
cfn=(728) 0x0000000004875590
calls=133 -82 
* 2793
fe=(199)
653 266
+1 133
fi=(208)
82 266
fe=(199)
654 133
-1 133
cfi=(201)
cfn=(732)
calls=133 27 
* 2699
+2 399
+4 266
+4 1064
-32 133
973 133
642 133
973 266
634 133
+71 1048
1044 1463
705 524
-13 262
+7 262
+6 524
-14 262
-4 262
+18 262
-10 262
+10 262
-7 262
-4 262
+11 524
-19 262
-1 262
+20 262
-12 262
-9 262
-1 262
+22 262
-15 524
1024 262
fi=(208)
82 262
fe=(199)
1018 262
fi=(208)
82 524
cob=(3)
cfi=(153)
cfn=(728)
calls=262 -82 
* 5502
fe=(199)
1028 524
+1 262
fi=(208)
82 262
fe=(199)
1029 262
-1 262
cfi=(201)
cfn=(732)
calls=262 27 
* 14893
+3 911
fi=(202) ./stdio-common/./stdio-common/vfprintf-process-arg.c
501 4
cfi=(201)
cfn=(732)
calls=1 27 
* 58
+1 1
-11 1
-88 8
+19 2
-14 2
+47 3
+6 3
fi=(204)
163 2
+1 4
cfi=(209) ./stdio-common/./stdio-common/Xprintf_buffer_pad_1.c
cfn=(786) __printf_buffer_pad_1
calls=1 24 
* 50
* 1
fi=(202)
422 4
+8 2
fe=(199)
726 257
fi=(208)
55 257
-2 257
+2 257
-2 257
+2 257
-2 257
+2 514
+1 2
+9 2
-9 2
+2 2
fe=(199)
800 512
+7 514
+3 3084
fi=(202)
136 522
+19 3393
cfi=(203)
cfn=(736)
calls=261 +14 
* 9339
+11 522
-11 522
+11 1044
-5 2088
+25 1159
+1 73
+14 146
-4 219
+4 376
-4 564
+2 783
+2 522
+7 261
-2 522
+2 783
+3 522
+13 522
fi=(204)
-61 522
fi=(202)
+70 522
+3 522
136 261
+2 522
fe=(199)
876 261
-5 2349
-1 261
+1 2088
fi=(202)
67 261
-18 261
-1 522
+1 1827
201 783
58 522
-23 261
+22 522
fi=(208)
+7 1
+1 1
-1 1
+1 3
-10 1
+13 1
-13 5
fi=(202)
161 261
+9 522
+17 261
+8 261
-8 261
+12 261
-12 261
+8 1044
-8 1128
+53 1044
cfi=(201)
cfn=(732)
calls=261 27 
* 14898
* 261
fi=(204)
-77 522
+1 1792
cfi=(209)
cfn=(786)
calls=256 24 
* 13668
fi=(202)
+53 768
+4 512
435 2
cob=(3)
cfi=(153)
cfn=(704)
calls=1 0 
* 16
* 2
fi=(204)
151 3
fi=(208)
-96 512
fe=(199)

fn=(720) __vfprintf_internal
1522 1729
+3 665
+4 665
+11 266
+27 1463
-42 266
+18 532
cfi=(200)
cfn=(722)
calls=133 108 
* 3192
+1 665
cfn=(726)
calls=133 600 
* 126526
+1 266
cfi=(200)
cfn=(740)
calls=133 117 
* 41000
* 133

fl=(168) ./libio/./libio/iofopen.c
fn=(558) fopen@@GLIBC_2.2.5
85 21
-20 3
+20 6
-20 3
cob=(3)
cfi=(153)
cfn=(560)
calls=3 -65 
* 2058
+2 9
+3 3
+2 6
-2 3
+2 15
cfi=(176)
cfn=(586) _IO_no_init
calls=3 563 
* 168
+1 3
+1 3
-1 3
+1 3
cfi=(177)
cfn=(590)
calls=3 +32 
* 306
+1 15
cfi=(177)
cfn=(598)
calls=3 213 
* 649
* 6
-38 6
+50 21

fl=(110)
fn=(348)
31 2
fi=(111) ./wcsmbs/../sysdeps/x86_64/multiarch/ifunc-evex.h
+7 6
-1 8
+2 6
+6 4
-3 4
+9 6
+3 8
fe=(110)
-23 2

fl=(95)
fn=(312)
29 1
fi=(84)
+11 3
-2 4
fe=(95)
-9 2
fi=(84)
+12 2
+1 3
+3 2
+4 3
+3 5
fe=(95)

fl=(172) ./malloc/./malloc/morecore.c
fn=(576) __glibc_morecore
25 8
+1 16
-1 16
+4 8
cfi=(173)
cfn=(578)
calls=8 +8 
* 311
+1 16
+4 16

fl=(189)
fn=(666)
25 1074
+1 6444
+1 1074

fl=(182) ./libio/./libio/iofwrite.c
fn=(612) fwrite
31 6
+1 1
-1 1
+1 1
-1 2
+4 6
+2 10
+1 4
+1 1
fi=(185)
1025 1
fe=(182)
39 1
fi=(185)
1025 1
+1 2
fe=(182)
39 5
cfi=(177)
cfn=(614)
calls=1 1198 
* 497
+6 2
fi=(185)
979 2
fe=(182)
45 2
+1 1
+3 9
fi=(185)
980 9
fe=(182)
37 4

fl=(209)
fn=(786)
24 257
+1 771
-1 1799
+15 257
-15 257
+9 514
+3 257
fi=(227)
+23 257
fe=(209)
-22 514
fi=(227)
+22 514
cob=(3)
cfi=(153)
cfn=(640) 0x0000000004875740
calls=257 -59 
* 4723
fe=(209)
-19 771
+3 514
-10 771
+11 1542

fl=(174)
fn=(580)
36 8
fi=(230) ./misc/../sysdeps/unix/sysv/linux/brk_call.h
-12 16
fe=(174)
+13 16
+1 16
+6 8
+1 8

fl=(125)
fn=(382)
29 1
fi=(118)
+9 2
+1 1
-1 2
+1 2
+3 2
+4 3
+3 3
fe=(125)
-20 1

fl=(152) ./nptl/./nptl/pthread_mutex_conf.c
fn=(474) __pthread_tunables_init
55 2
+1 2
-1 2
+1 2
-1 4
+1 1
cob=(3)
cfi=(153)
cfn=(476) 0x0000000004875720
calls=1 -56 
* 26
+2 4
cob=(3)
cfi=(153)
cfn=(476)
calls=1 -58 
* 25
+2 4
cob=(3)
cfi=(153)
cfn=(476)
calls=1 -60 
* 26
+2 6

fl=(205)
fn=(746)
25 133
+1 399
+5 266
+2 1596
+7 133

fl=(184)
fn=(624)
30 4
+9 16
+33 4

fl=(206) ./libio/./libio/iofclose.c
fn=(750) fclose@@GLIBC_2.2.5
34 24
+14 9
+9 3
fi=(185)
1025 9
+1 6
fe=(206)
57 9
cfi=(177)
cfn=(778)
calls=3 168 
* 102
+1 9
+13 6
fi=(185)
951 12
+1 12
+6 6
cob=(3)
cfi=(153)
cfn=(764) 0x00000000048753e0
calls=3 0 
* 261
fe=(206)
76 21
-27 3
cfi=(176)
cfn=(752)
calls=3 +4 
* 317
+2 24
+1 6
+1 6
cfi=(177)
cfn=(756)
calls=3 +75 
* 977
fi=(185)
979 3
fe=(206)
53 3
fi=(185)
979 9
+1 27
fe=(206)
51 15

fl=(87)
fn=(292)
30 1
fi=(88) ./wcsmbs/../sysdeps/x86_64/multiarch/ifunc-wcslen.h
+11 2
-1 4
+2 3
+3 2
+4 3
+3 3
fe=(87)
-22 1

fl=(213)
fn=(804)
77 1
+3 3
+2 1
+2 2
-7 4
+11 2
+91 1
+3 1
+2 1
+3 1
-63 1
+66 3
-93 2
+11 4
+4 1
+3 2
-71 1
+1 7
+1 1
+84 3
+1 2

fl=(98)
fn=(320)
29 1
fi=(99)
+28 3
-1 2
+4 3
+14 2
+3 2
+8 2
+8 2
+3 5
fe=(98)

fl=(116)
fn=(360)
60 1
-17 2
-1 4
+2 3
+2 2
+4 3
+10 1

fl=(136)
fn=(422)
29 1
fi=(231) ./string/../sysdeps/x86_64/multiarch/ifunc-sse4_2.h
+7 5
fe=(136)
-7 1

fl=(149) ./ctype/./ctype/ctype-info.c
fn=(468) __ctype_init
29 1
+2 7
+2 4
+2 4
+1 1

fl=(169) ./malloc/./malloc/malloc.c
fn=(766) free
3359 3075
+4 6150
-4 9225
+14 3075
-14 9225
+12 3075
+4 3075
-4 3075
+4 6150
+17 9225
fi=(170) ./malloc/./malloc/arena.c
153 9225
fe=(169)
3398 9225
cfn=(770) _int_free
calls=3075 4495 
* 299540
+3 3075
+1 18450

fn=(582) alloc_perturb
1985 9228
+2 3076

fn=(638) calloc
3699 6140
+10 3070
-10 21490
+10 24560
+8 6140
+3 9210
+2 6140
+34 15350
fi=(170)
153 6140
fe=(169)
3732 3070
+1 3070
+21 6140
-21 6140
+21 3070
cfn=(574) _int_malloc
calls=3070 +92 
* 430687
+2 6140
+81 16
-41 3070
-12 3070
+12 6140
+3 15350
+8 3070
+2 6140
+2 6140
+5 2
+2 2
-2 2
+3 4
+2 1
+2 2
-67 9210
+3 9210
+78 3068
fi=(175) ./malloc/../string/bits/string_fortified.h
59 6136
fe=(169)
3837 18408
fi=(175)
59 3068
cob=(3)
cfi=(153)
cfn=(640)
calls=3068 -59 
* 144140
fe=(169)

fn=(562) malloc
3294 56
+7 14
1326 12
+19 35
3311 14
+2 28
+3 12
+10 12
+28 36
3248 4
cfn=(572) tcache_init.part.0
calls=1 -6 
* 473
+68 2
+1 4
+1 12
3178 2
+4 2
+4 1
+4 1
-4 3
+4 1
+1 1
3354 6
-26 24
cfn=(574)
calls=6 3846 
* 776
+1 30
fi=(170)
153 12
264 1
cfn=(566) ptmalloc_init.part.0
calls=1 -2 
* 1151
fe=(169)
1326 2

fn=(770)
4495 21525
+4 9225
+6 12300
+1 6150
+4 15375
+8 12300
-1 6150
+1 6150
+29 3072
-20 3072
-6 3072
+6 6144
+20 12288
1792 3058
4561 6116
+11 8156
+2 6117
1992 2039
4593 2039
1992 4078
4595 2039
+1 2039
+4 4078
+2 2039
-2 2039
+2 2039
+4 4078
+2 6117
+1 2039
+19 8154
+30 12336
-21 2038
+3 2038
+18 1019
-12 1019
+12 4076
-12 1019
cfn=(772) _int_free_merge_chunk
calls=1019 +19 
* 92738
3163 17
+4 17
-4 17
+2 68
+1 17
+1 17
4550 17

fn=(574)
3846 33847
1326 6154
+19 18462
3887 6154
1794 3077
3914 6154
+65 4092
-63 8184
+3 2046
+2 4092
+56 2062
+62 50
+1 15
+20 3077
-1 3077
-1 3077
+1 6154
+1 6154
-2 6152
+12 15385
-1 2
+4 2
+1 1
+2 2
+1 3
+2 1
+1 4
+2 4
-10 1
+12 2
+1 2
+2 2
+11 4
+29 1
+1 1
+4 2
3980 3072
+2 3072
-2 3072
+2 6144
-52 6138
4134 1
+1 1
-1 1
+1 2
-14 1
+19 2
1985 3
4487 36924
4257 9228
+2 12
+3 4
-3 4
+3 8
+1 3076
+71 9228
-4 3076
+1 3076
+1 3076
-1 3076
+1 3076
+1 6152
+1 9228
+5 12304
+4 9228
+3 12292
-3 9219
+3 12288
-3 9216
+3 8192
-3 4096
4443 3076
+1 6152
+2 6152
+3 9228
+17 28
4070 1026
-91 6156
2552 7
+12 7
-12 35
+12 7
4460 9228
cfn=(582)
calls=3076 1985 
* 12304
+1 3076
-9 6138
+2 6138
-1 3069
+1 3069
-3 3069
+3 3069
+2 3069
-2 12276
+2 3069
+3 6138
2553 7
+36 21
+1 7
-1 7
+1 7
+9 64
+6 18
+3 21
2921 21
+1 7
+4 7
+4 35
+5 7
-2 7
+5 7
-3 14
-3 7
+2 7
+1 7
+1 7
-1 21
+1 7
4482 7
2669 21
+8 14
+1 21
+13 7
+2 7
-2 14
+8 35
+8 14
+48 4
+40 3
+19 2
+3 2
+1 6
+2 1
+1 5
cfi=(172)
cfn=(576)
calls=1 25 
* 33
+12 4
-12 1
+12 1
2008 4
3882 1
2873 1
+3 1
-1 1
+1 4
+12 1
-11 1
+11 2
2783 1
-1 2
2017 2
2745 1
+1 1
+6 3
-6 1
+6 3
-6 6
+6 18
-6 6
+6 30
+1 36
-44 21
cfi=(172)
cfn=(576)
calls=7 25 
* 358
+1 14
-1 7
+1 7
2008 7
2711 7
2008 21
2712 7
+3 14
+29 45

fn=(572)
3242 4
+9 8
+1 3
cfn=(574)
calls=1 3846 
* 359
+1 2
+8 4
+9 1
fi=(175)
59 2
fe=(169)
3270 1
fi=(175)
59 86
fe=(169)
3274 3

fn=(772)
4665 5095
+1 1019
-1 3057
+5 6114
+3 2038
+5 3057
+3 2038
+1 2038
+1 2038
1992 3057
4689 2038
+25 2038
+6 2038
+4 1019
+9 1019
-1 1019
+1 3057
+1 2038
+2 1019
+2 2038
+5 1019
+1 1019
+2 3057
+1 1019
-45 1019
-1 2038
+1 6114
-1 1019
cfn=(774) _int_free_maybe_consolidate
calls=1019 +69 
* 24456
+39 9
-65 3057
-2 2038

fn=(774)
4770 11209
+6 2038
+22 11209

fl=(96)
fn=(316)
31 1
fi=(97)
+9 3
-1 4
+2 3
+3 2
+4 4
fe=(96)
-17 1

fl=(164) ./csu/../sysdeps/nptl/libc_start_call_main.h
fn=(544) (below main)
29 4
+15 1
-15 5
+15 1
cfi=(165) ./setjmp/../sysdeps/x86_64/bsd-_setjmp.S
cfn=(546) _setjmp
calls=1 -16 
* 38
* 1
+2 2
+5 2
+1 2
+3 2
+3 6
cob=(5)
cfi=(161)
cfn=(552) main
calls=1 -58 
* 261751354
+16 2
cfi=(210) ./stdlib/./stdlib/exit.c
cfn=(796) exit
calls=1 +63 
* 1551

fl=(207)
fn=(762)
25 3
+1 12
+1 3

fl=(159) ./string/../sysdeps/x86_64/multiarch/strrchr-avx2.S
fn=(516) __strrchr_avx2
53 1
+1 1
+1 1
+2 1
+1 1
+4 1
+1 1
+1 1
+3 1
+2 1
+1 1
+1 1
+1 1
+3 1
+1 1
+2 1
+1 1
+1 1
+1 1
+1 1
+9 2

fl=(127)
fn=(394)
29 2
fi=(84)
+11 6
-2 8
fe=(127)
-9 4
fi=(84)
+12 4
+1 6
+3 4
+4 6
+3 10
fe=(127)

fl=(192) ./string/../sysdeps/x86_64/multiarch/strlen-avx2.S
fn=(682) __strlen_avx2
52 687447
+13 687447
+1 687447
+1 687447
+3 687447
+2 687447
+1 687447
+3 687447
+1 687447
+8 687447
+1 687447
+1 687447
+5 1374894

fl=(154) ./nptl/../sysdeps/unix/sysv/linux/x86/elision-conf.c
fn=(478) __lll_elision_init
92 2
+4 1
-4 2
+4 2
-4 1
+4 1
-4 3
+4 1
cob=(3)
cfi=(153)
cfn=(476)
calls=1 -96 
* 26
+2 4
cob=(3)
cfi=(153)
cfn=(476)
calls=1 -98 
* 26
+2 4
cob=(3)
cfi=(153)
cfn=(476)
calls=1 0 
* 26
+2 4
cob=(3)
cfi=(153)
cfn=(476)
calls=1 0 
* 26
+2 4
cob=(3)
cfi=(153)
cfn=(476)
calls=1 0 
* 26
+3 3
+1 1
+1 6

fl=(176)
fn=(586)
563 33
+1 3
cfn=(588) _IO_old_init
calls=3 -33 
* 75
+1 3
+1 6
+2 3
+4 3
+7 3
+2 3
-9 15
+15 3
+1 18

fn=(626)
329 77
+1 34
+5 14
-3 7
+3 14
-2 7
+2 14
+3 42
-7 3
cob=(3)
cfi=(153)
cfn=(764)
calls=3 0 
* 510
+4 6

fn=(656) _IO_default_uflow
361 2148
fi=(185)
1025 1074
fe=(176)
361 3222
+1 1074
-1 1074
fi=(185)
1025 2148
+1 2148
fe=(176)
362 2148
cfi=(177)
cfn=(658)
calls=1074 462 
* 103694
+1 2148
+2 4288
+1 4296

fn=(662)
164 6444
+1 3222
+3 3222
+4 2148
+1 2148
+7 1074
-4 1074
+4 1074
-2 2148
+3 1074
+1 4296

fn=(856) _IO_flush_all
686 5
+5 1
-5 1
+5 1
-5 6
+5 4
cfi=(178) ./nptl/./nptl/libc-cleanup.c
cfn=(594) __libc_cleanup_push_defer
calls=1 24 
* 13
+1 6
-5 1
fi=(185)
1025 2
fe=(176)
708 33
+1 3
-14 9
+2 3
+1 27
+2 21
+13 7
+1 2
cfi=(178)
cfn=(596) __libc_cleanup_pop_restore
calls=1 54 
* 9
+4 12
-20 9
-6 2
-5 2
+8 1
-3 1
+3 2

fn=(618)
343 4
+1 8
-1 28
+3 12
+1 4
fi=(185)
1025 12
+1 8
fe=(176)
347 8
cfi=(183)
cfn=(620)
calls=4 78 
* 1055
* 8
+3 24

fn=(588)
531 3
+3 3
-2 3
+2 3
+5 3
-7 3
+2 3
+10 3
-10 3
+16 3
-11 3
-5 3
+16 3
-16 3
+21 3
-16 15
+16 6
+1 6
+2 3

fn=(592)
87 42
+1 30
+18 54
-16 3
+2 9
-2 3
+2 12
cfi=(178)
cfn=(594)
calls=3 -68 
* 39
+1 21
+10 6
cfi=(178)
cfn=(596)
calls=3 -49 
* 27
+3 3
-11 15
+2 3
-2 3
+3 3
-3 3
+2 3
+3 12
+2 3
-2 3
+1 3
+1 15
-9 6
+1 3
+1 6

fn=(854) _IO_cleanup
842 6
-66 1
+66 6
+1 1
cfn=(856)
calls=1 686 
* 183
-67 2
+67 1
-67 3
cfi=(178)
cfn=(594)
calls=1 24 
* 13
+1 6
fi=(185)
1025 1
fe=(176)
785 1
-1 1
+1 4
-1 2
+1 25
+9 6
+2 4
+4 1
-2 1
+3 1
-3 1
+2 2
+5 1
fi=(185)
1025 2
+1 2
fe=(176)
805 4
cfi=(177)
cfn=(860)
calls=1 382 
* 87
+2 3
+9 1
-2 1
+2 2
-2 1
+2 2
+1 3
-37 9
+41 7
+1 2
cfi=(178)
cfn=(596)
calls=1 54 
* 9
+33 12
-78 2
+39 24
-2 1
+2 1
-31 6
+7 7
-15 1
+3 2
-3 1
+3 2

fn=(654) __uflow
299 5370
+1 1074
-1 1074
+1 2148
+5 3222
+3 1074
173 1074
308 2148
+2 2148
+6 2148
+7 1074
fi=(185)
1025 3222
+1 2148
fe=(176)
323 2148
+1 3222
-1 1074
cfn=(656)
calls=1074 +38 
* 129462
-23 2148
+21 3222

fn=(706)
199 20
+2 12
+2 4
fi=(185)
1025 12
+1 8
fe=(176)
203 4
+1 8
-1 4
cfi=(177)
cfn=(616)
calls=4 732 
* 604

fn=(862)
452 8
fi=(185)
1025 1
fe=(176)
452 1
+1 1
-1 1
fi=(185)
1025 2
+1 2
fe=(176)
453 2
cfi=(177)
cfn=(864)
calls=1 793 
* 21
* 2
+4 1
330 1
462 1
-7 2
332 1
466 1
337 1
-4 1
+4 1
467 1
-1 3
+2 6
-11 1
+1 2
-1 1
330 4

fn=(630)
371 22
+3 8
fi=(185)
1025 2
fe=(176)
373 4
+16 2
+8 1
+2 37
fi=(185)
1025 22
+1 22
fe=(176)
399 44
cfi=(177)
cfn=(616)
calls=11 732 
* 429
* 22
+2 11
-2 11
-20 52
+2 1
+1 2
+2 2
-9 2
+29 16
-11 3
+1 12
-1 18
+2 4
-6 2

fn=(752)
53 6
+1 12
+28 6
cfn=(754) __GI__IO_un_link.part.0
calls=3 -30 
* 305

fn=(754)
52 12
+6 3
-6 6
+6 3
-6 12
+6 12
cfi=(178)
cfn=(594)
calls=3 -34 
* 39
+1 21
+2 3
-1 3
+1 30
+4 6
+3 3
+1 2
+2 1
-3 1
+3 1
+3 2
+2 2
-2 4
+2 16
+3 6
cfi=(178)
cfn=(596)
calls=3 -25 
* 27
+3 27
-19 3
-2 6
+2 6
+13 9
+2 3
-2 3
+1 3
+1 15
-12 6
-7 9

fn=(758)
937 18
+2 6
+5 9
+2 9

fn=(780)
601 18
+2 9
+6 9
+3 9
54 6
624 9

fl=(117)
fn=(362)
29 1
fi=(118)
+9 2
+1 1
-1 2
+1 2
+3 2
+4 3
+3 3
fe=(117)
-20 1

fl=(91)
fn=(300)
29 1
fi=(88)
+12 2
-1 4
+2 3
+3 2
+4 3
+3 3
fe=(91)
-23 1

fl=(139)
fn=(432)
31 1
fi=(114)
+6 2
-1 4
fe=(139)
-5 2
fi=(114)
+7 3
+3 2
+4 3
+3 4
fe=(139)

fl=(150) ./resource/../sysdeps/unix/sysv/linux/getrlimit64.c
fn=(470) getrlimit
38 2
+1 7
+1 1

fl=(148)
fn=(466)
33 9
+2 1
cfi=(149)
cfn=(468)
calls=1 -6 
* 17
+3 1
fi=(151) ./elf/../sysdeps/nptl/pthread_early_init.h
-5 2
fe=(148)
+8 1
-3 1
+3 1
fi=(151)
-8 1
cfi=(150)
cfn=(470)
calls=1 +5 
* 10
* 3
+1 1
+4 5
+7 1
fi=(232) ./elf/../nptl/nptl-stack.h
+16 3
fi=(151)
-16 1
fi=(232)
+16 2
fi=(151)
-7 1
fi=(232)
+7 3
fi=(151)
-9 1
-6 1
+2 2
+4 4
+1 1
+3 1
cfi=(152)
cfn=(474)
calls=1 -1 
* 104
fe=(148)
-9 3
+2 2
-2 1
cfi=(154)
cfn=(478)
calls=1 +45 
* 169

fl=(157)
fn=(510)
46 6
+5 2
+4 5
+8 1
-2 1
+10 1
-9 1
+1 1
+9 3
-1 1
cfi=(158) ./misc/./misc/init-misc.c
cfn=(512) __init_misc
calls=1 -41 
* 50

fl=(160)
fn=(518)
545 1
+1 4
+1 3
+1 3
+2 1

fl=(165)
fn=(546)
28 1
+2 1
+2 1
cfi=(166)
cfn=(548)
calls=1 -1 
* 35

fl=(186) ./string/../sysdeps/x86_64/multiarch/memset-vec-unaligned-erms.S
fn=(642) __memset_avx2_unaligned_erms
158 3325
+1 6650
+5 3325
+1 3325
+1 3068
+1 3068
+1 3068
+13 2045
+1 2045
+2 4090
+53 3068
+1 3068
+6 3067
+1 3067
+12 3067
+3 3067
+1 3067
+12 1022
+1 1022
+13 1022
+1 1022
+2 1022
+3 1022
+3 1022
+3 1022
+1 1022
+1 1022
+1 1022
+1 1022
+1 1022
+1 1022
-6 3060
+1 3060
+1 3060
+1 3060
+1 3060
+1 3060
+1 4082
+3 1022
+1 1022
+1 1022
+1 1022
+3 2044
+11 1
+1 1
+1 1
+1 40921
+1 1
+1 2
+7 257
+9 257
+1 257
+5 257
+1 257
+1 256
+1 256
+1 128
+1 128
+1 28
+1 28
+2 28
+28 1
+1 1
+5 1
+8 128
+1 128
+5 128
+7 100
+1 100
+1 100
+5 100

fl=(187) ./libio/./libio/iofgets.c
fn=(648) fgets
32 4812101
+5 2749772
+2 1374886
+8 6186987
+4 687443
+1 687443
+1 1374886
-1 687443
+1 2749772
-2 687443
+2 687443
cfi=(188) ./libio/./libio/iogetline.c
cfn=(650) _IO_getline
calls=687443 -20 
* 72835448
+3 687443
+1 687443
-1 1374886
+7 4
fi=(185)
979 4
+1 5499544
fe=(187)
66 4812101
-10 1374882
+4 687441
+3 687441
-2 687441
+2 1374882
fi=(185)
979 2062323
fe=(187)
47 3437215

fl=(162) ./csu/../csu/libc-start.c
fn=(524) __libc_start_main@@GLIBC_2.34
242 13
+69 3
+1 3
cfi=(163)
cfn=(526)
calls=1 67 
* 72
+25 6
+6 2
-3 2
+10 2
cob=(3)
cfi=(153)
cfn=(540) 0x00000000048757b0
calls=1 0 
* 7
+2 2
+8 4
cfi=(164)
cfn=(544)
calls=1 29 
* 261752971
128 2
+6 3
+1 6
cob=(3)
cfi=(153)
cfn=(530) 0x0000000000109000
calls=1 0 
* 7
* 1
+3 1
+1 2
+3 2
+1 2
-1 1
+2 7
+1 4
cob=(5)
cfi=(161)
cfn=(534) 0x0000000000001720
calls=1 0 
* 12
-1 4

fl=(112)
fn=(352)
67 1
-23 2
-1 4
+24 2
-22 3
+3 2
+4 3
+3 4

fl=(170)
fn=(566)
262 1
fi=(171) ./malloc/../sysdeps/unix/sysv/linux/not-cancel.h
97 3
fe=(170)
262 7
+5 1
fi=(171)
97 3
fi=(169)
3143 2
fe=(170)
292 2
+4 3
fi=(169)
1946 4
+3 1
-3 1
+3 2
-3 2
+3 126
-3 126
+3 252
-3 252
+11 1
fe=(170)
300 3
fi=(169)
1958 1
+2 1
fe=(170)
300 1
cob=(3)
cfi=(153)
cfn=(476)
calls=1 0 
* 25
+1 4
cob=(3)
cfi=(153)
cfn=(476)
calls=1 0 
* 26
+1 4
cob=(3)
cfi=(153)
cfn=(476)
calls=1 0 
* 25
+1 4
cob=(3)
cfi=(153)
cfn=(476)
calls=1 0 
* 25
+1 4
cob=(3)
cfi=(153)
cfn=(476)
calls=1 0 
* 26
+1 4
cob=(3)
cfi=(153)
cfn=(476)
calls=1 0 
* 25
+1 4
cob=(3)
cfi=(153)
cfn=(476)
calls=1 0 
* 25
+2 4
cob=(3)
cfi=(153)
cfn=(476)
calls=1 0 
* 25
+1 4
cob=(3)
cfi=(153)
cfn=(476)
calls=1 0 
* 25
+1 4
cob=(3)
cfi=(153)
cfn=(476)
calls=1 0 
* 25
+3 4
cob=(3)
cfi=(153)
cfn=(476)
calls=1 0 
* 25
+1 4
cob=(3)
cfi=(153)
cfn=(476)
calls=1 0 
* 25
+2 2
+10 8

fl=(128)
fn=(398)
29 1
fi=(109)
+6 5
+1 3
+3 2
+4 3
+3 4
fe=(128)
-17 1

fl=(198) ./debug/./debug/printf_chk.c
fn=(718) __printf_chk
25 1729
+7 133
-4 266
+4 133
-4 133
+4 133
+1 133
-1 133
-4 133
+5 133
-1 266
+1 266
cfi=(199)
cfn=(720)
calls=133 1522 
* 177368
+4 665

fl=(81)
fn=(280)
86 1
fi=(82) ./string/../sysdeps/x86/cacheinfo.h
-27 1
+3 3
+2 1
+1 1
-1 2
+7 3
+2 1
+1 1
-1 2
+5 2
+2 2
+1 2
+1 2
+2 2
+2 2
fe=(81)

fl=(115)
fn=(358)
29 1
fi=(231)
+7 5
fe=(115)
-7 1

fl=(134)
fn=(418)
29 1
fi=(135) ./string/../sysdeps/x86_64/multiarch/ifunc-evex.h
+9 3
-1 4
+2 3
+6 2
-3 2
+9 3
+3 4
fe=(134)
-25 1

fl=(158)
fn=(512)
30 1
+1 2
-1 4
+1 4
+2 3
cob=(3)
cfi=(153)
cfn=(514) 0x0000000004875660
calls=1 -33 
* 24
+4 5
+1 3
+2 4

fl=(85)
fn=(288)
29 1
fi=(231)
+7 5
fe=(85)
-7 1

fl=(210)
fn=(796)
137 2
+1 3
-1 1
+1 1
cfn=(798) __run_exit_handlers
calls=1 38 
* 1544

fn=(798)
38 12
+2 2
+3 5
+11 2
+2 2
+38 2
-30 6
+2 1
+1 1
-1 1
+3 7
+44 3
+13 1
-66 1
+66 3
+2 2
+3 2
cfi=(219) ./posix/../sysdeps/unix/sysv/linux/_exit.c
cfn=(866) _Exit
calls=1 27 
* 4
-29 1
+1 1
-2 1
+3 1
+3 1
-3 2
+3 3
+1 3
cob=(1)
cfi=(212)
cfn=(802)
calls=1 -82 
* 981
+1 4
+10 3
+1 2
-79 1
cfi=(211) ./stdlib/./stdlib/cxa_thread_atexit_impl.c
cfn=(800) __call_tls_dtors
calls=1 148 
* 13
* 1
+88 1
cfi=(176)
cfn=(854)
calls=1 842 
* 467
* 1

fl=(126)
fn=(386)
31 1
fi=(114)
+6 2
-1 4
fe=(126)
-5 2
fi=(114)
+7 3
+3 2
+4 3
+3 4
fe=(126)

fl=(138)
fn=(428)
33 1
fi=(99)
+24 3
-1 2
+4 3
+14 2
+3 2
+8 2
+8 2
+3 5
fe=(138)

fl=(179)
fn=(602)
30 6
+3 3
-3 30
+3 14
+8 25
+2 24
-7 1
+5 1
-5 3
+1 1
-1 1
+5 1

fl=(103)
fn=(330)
65 1
-22 2
+1 1
-2 4
+2 2
+3 2
+4 3
+3 3
+11 1

fl=(113)
fn=(354)
31 1
fi=(114)
+6 2
-1 4
fe=(113)
-5 2
fi=(114)
+7 3
+3 2
+4 3
+3 4
fe=(113)

fl=(129)
fn=(402)
29 1
fi=(130) ./wcsmbs/../sysdeps/x86_64/multiarch/ifunc-memcmp.h
+5 5
+1 2
+1 2
+1 3
+3 2
+4 3
+3 4
fe=(129)
-18 2

fl=(137)
fn=(424)
31 1
fi=(97)
+9 3
-1 4
+2 3
+3 2
+4 4
fi=(233) ./wcsmbs/../sysdeps/x86_64/multiarch/wcpncpy.c
-17 1
fe=(137)

fl=(194) ./string/../sysdeps/x86_64/multiarch/strncpy-avx2.S
fn=(694) __strncpy_avx2
54 23305
+18 23305
+3 23305
+3 23304
+1 23304
+1 23304
+1 23304
+1 23304
+3 23304
+1 23304
+1 23304
+4 23304
+7 23304
+2 23304
504 6954
+1 6954
+1 6954
+1 6954
+1 6954
+16 6954
+7 23304
+2 23304
+1 23304
+1 23304
+2 23304
+1 23304
+1 23304
+28 16350
+1 16350
+2 15414
+1 15414
+1 15414
+1 15414
+1 15414
+23 15414
+13 936
+1 936
+1 936
+1 881
+1 881
+1 881
+1 881
+17 881
+2 881
-2 55
+2 55
+5 1
+1 1

fl=(89)
fn=(296)
29 1
fi=(90) ./string/../sysdeps/x86_64/multiarch/ifunc-memset.h
+25 5
+3 3
+7 2
+9 2
+2 2
+10 2
+8 2
+3 5
fe=(89)

fl=(104)
fn=(332)
29 1
fi=(105) ./debug/../sysdeps/x86_64/multiarch/ifunc-memset.h
+25 5
+3 3
+7 2
+9 2
+2 2
+10 2
+8 2
+3 5
fe=(104)

fl=(219)
fn=(866)
27 2
+3 2

fl=(178)
fn=(594)
24 8
+1 8
+2 16
+2 16
+3 16
+14 24
+2 8
+1 8

fn=(596)
54 8
+1 8
+2 16
+2 8
+1 24
+11 8

fl=(211)
fn=(800)
148 4
+1 1
-1 1
+1 3
+16 4

fl=(180)
fn=(604)
77 27
+5 3
-5 9
+5 6
+2 12
cob=(3)
cfi=(153)
cfn=(606) 0x0000000004875680
calls=3 -84 
* 69
* 3
+1 6
+1 6
+75 36

fl=(83)
fn=(284)
31 2
fi=(84)
+9 6
-2 8
fe=(83)
-7 4
fi=(84)
+10 4
+1 6
+3 4
+4 6
+3 10
fe=(83)

fl=(188)
fn=(650)
33 687443
+1 1374886
cfn=(652) _IO_getline_info
calls=687443 +15 
* 70773119

fn=(652)
49 10311645
+2 1374886
+2 2062329
+2 2749772
+28 688171
+2 1376342
-2 1376342
+2 688171
cob=(3)
cfi=(153)
cfn=(668) 0x0000000004875480
calls=688171 -85 
* 14490174
* 688171
+1 1376342
fi=(195) ./libio/../string/bits/string_fortified.h
-57 4836
fe=(188)
+74 1612
fi=(195)
-74 1612
cob=(3)
cfi=(153)
cfn=(672)
calls=1612 -29 
* 27053
fe=(188)
+73 1612
-1 1612
-46 3224
+2 2067735
+1 1378490
+2 2148
cfi=(176)
cfn=(654)
calls=1074 299 
* 169200
+1 2148
+6 2144
+11 907
-1 1814
-22 2533
+20 1438
+32 5752
-32 330
+32 1320
-19 1373118
+1 1373118
-1 686559
+2 2059677
+2 686559
+2 1373118
fi=(195)
-65 3432795
cob=(3)
cfi=(153)
cfn=(672)
calls=686559 -29 
* 11374998
fe=(188)
+68 686559
+1 686559
-1 686559
+10 5492472
-44 4
+6 495
+1 660
-16 4

fl=(217)
fn=(820)
82 4
+1 4
-1 8
+1 4
fi=(218) ./posix/../malloc/dynarray-skeleton.c
243 2
fe=(217)
71 4
+38 8
+1 6

fl=(106)
fn=(336)
28 1
fi=(84)
+12 3
-2 4
fe=(106)
-10 2
fi=(84)
+13 2
+1 3
+3 2
+4 3
+3 5
fe=(106)

fl=(167)
fn=(550)
28 6
+2 2
-1 1
+5 4

ob=(3)
fl=(153)
fn=(728)
0 790
cob=(2)
cfi=(181)
cfn=(730)
calls=395 53 
0 7505

fn=(646) 0x0000000000109230
0 1374886
cob=(2)
cfi=(187)
cfn=(648)
calls=687443 32 
0 118894117

fn=(668)
0 1376342
cob=(2)
cfi=(190)
cfn=(670)
calls=688171 61 
0 13113832

fn=(672)
0 1377398
cob=(2)
cfi=(191)
cfn=(674)
calls=688699 255 
0 10034686

fn=(688) 0x0000000000109250
0 46610
cob=(2)
cfi=(193)
cfn=(690)
calls=23305 24 
0 804331

fn=(852)
0 4

fn=(500)
0 7

fn=(476)
0 40
cob=(1)
cfi=(11)
cfn=(28)
calls=20 387 
0 469

fn=(514)
0 2
cob=(2)
cfi=(159)
cfn=(516)
calls=1 53 
0 22

fn=(680) 0x00000000001091d0
0 1374884
cob=(2)
cfi=(192)
cfn=(682)
calls=687442 52 
0 9624188

fn=(692)
0 46610
cob=(2)
cfi=(194)
cfn=(694)
calls=23305 54 
0 664501

fn=(704)
0 10
cob=(2)
cfi=(192)
cfn=(682)
calls=5 52 
0 70

fn=(716) 0x0000000000109270
0 266
cob=(2)
cfi=(198)
cfn=(718)
calls=133 25 
0 181624

fn=(742)
0 272
cob=(2)
cfi=(191)
cfn=(744)
calls=136 242 
0 2029

fn=(530)
0 7

fn=(560)
0 14
cob=(2)
cfi=(169)
cfn=(562)
calls=7 3294 
0 2727

fn=(842)
0 2
cob=(2)
cfi=(216)
cfn=(818)
calls=1 30 
0 78

fn=(540)
0 2
cob=(1)
cfi=(48)
cfn=(542)
calls=1 118 
0 5

fn=(556) 0x0000000000109280
0 6
cob=(2)
cfi=(168)
cfn=(558)
calls=3 85 
0 3310

fn=(610) 0x00000000001092a0
0 2
cob=(2)
cfi=(182)
cfn=(612)
calls=1 31 
0 568

fn=(748) 0x00000000001091c0
0 6
cob=(2)
cfi=(206)
cfn=(750)
calls=3 34 
0 1879

fn=(764)
0 12
cob=(2)
cfi=(169)
cfn=(766)
calls=6 3359 
0 759

fn=(832)
0 4

fn=(606)
0 6
cob=(2)
cfi=(181)
cfn=(608)
calls=3 53 
0 63

fn=(636) 0x0000000000109240
0 6140
cob=(2)
cfi=(169)
cfn=(638)
calls=3070 3699 
0 792806

fn=(640)
0 6650
cob=(2)
cfi=(186)
cfn=(642)
calls=3325 158 
0 142213

fn=(816) 0x0000000000109180
0 2
cob=(2)
cfi=(216)
cfn=(818)
calls=1 30 
0 78

fn=(700) 0x00000000001091b0
0 8
cob=(2)
cfi=(196)
cfn=(702)
calls=4 33 
0 2630

fn=(794) 0x0000000000109190
0 6138
cob=(2)
cfi=(169)
cfn=(766)
calls=3069 3359 
0 394106

ob=(5)
fl=(161)
fn=(554) prepare_to_dump()
0 5
cob=(3)
cfi=(153)
cfn=(556)
calls=1 0 
0 2244
0 8
cob=(3)
cfi=(153)
cfn=(610)
calls=1 0 
0 570
0 3

fn=(684) MurmurHash64A(void const*, unsigned long, unsigned long)
0 26009620

fn=(644) list_ctor()
0 10230
cob=(3)
cfi=(153)
cfn=(636)
calls=1023 0 
0 272634
0 5115
cob=(3)
cfi=(153)
cfn=(636)
calls=1023 0 
0 242451
0 5115
cob=(3)
cfi=(153)
cfn=(636)
calls=1023 0 
0 242716
0 118668

fn=(534)
0 12

fn=(792) list_dtor(list_t*)
0 7161
cob=(3)
cfi=(153)
cfn=(794)
calls=1023 0 
0 179425
0 2046
cob=(3)
cfi=(153)
cfn=(794)
calls=1023 0 
0 110400
0 2046
cob=(3)
cfi=(153)
cfn=(794)
calls=1023 0 
0 110419
0 6138

fn=(686) list_search(list_t*, unsigned long)
0 65921194

fn=(790) dstr(hashtable_t*)
0 16
cfn=(792)
calls=1 0 
0 278
0 5110
cfn=(792)
calls=1022 0 
0 417357
0 2052

fn=(810)
0 9
cob=(3)
cfi=(153)
cfn=(816)
calls=1 0 
0 80
0 1
cfn=(826) 0x0000000000001670
calls=1 0 
0 5
0 3

fn=(782) search(hashtable_t*, char const*)
0 1374936
cob=(3)
cfi=(153)
cfn=(680)
calls=114578 0 
0 1833248
0 458312
cfn=(684)
calls=114578 0 
0 4333706
0 1145780
cfn=(686)
calls=114578 0 
0 12706898

fn=(634) init()
0 14
cob=(3)
cfi=(153)
cfn=(636)
calls=1 0 
0 41145
0 13
cfn=(644)
calls=1 0 
0 876
0 4088
cfn=(644)
calls=1022 0 
0 896053
0 6150

fn=(696) list_push_back(list_t*, hashtable_elem_t)
0 605930

fn=(788) get_spectrum(hashtable_t*)
0 5271
cob=(3)
cfi=(153)
cfn=(700)
calls=1 0 
0 491
0 2
cob=(3)
cfi=(153)
cfn=(700)
calls=1 0 
0 398
0 8
cob=(3)
cfi=(153)
cfn=(716)
calls=1 0 
0 1350
0 889
cob=(3)
cfi=(153)
cfn=(716)
calls=127 0 
0 175422
0 264

fn=(678) insert(hashtable_t*, char const*)
0 9738688
cob=(3)
cfi=(153)
cfn=(680)
calls=572864 0 
0 9165824
0 2864320
cfn=(684)
calls=572864 0 
0 21675914
0 5155776
cfn=(686)
calls=572864 0 
0 53214296
0 7656977
cob=(3)
cfi=(153)
cfn=(688)
calls=23305 0 
0 850941
0 186440
cfn=(696)
calls=23305 0 
0 605930
0 69915

fn=(826)
0 5

fn=(522)
0 12
cob=(2)
cfi=(162)
cfn=(524)
calls=1 242 
0 261753141

fn=(552)
0 20
cfn=(554)
calls=1 0 
0 2830
0 4
cfn=(634)
calls=1 0 
0 948339
0 5
cob=(3)
cfi=(153)
cfn=(556)
calls=1 0 
0 607
0 2291467
cfn=(678)
calls=572864 0 
0 111185021
0 2291460
cob=(3)
cfi=(153)
cfn=(646)
calls=572865 0 
0 100223003
0 1145737
cob=(3)
cfi=(153)
cfn=(700)
calls=1 0 
0 1366
0 7
cob=(3)
cfi=(153)
cfn=(716)
calls=1 0 
0 1004
0 5
cob=(3)
cfi=(153)
cfn=(716)
calls=1 0 
0 948
0 2
cob=(3)
cfi=(153)
cfn=(748)
calls=1 0 
0 588
0 5
cob=(3)
cfi=(153)
cfn=(556)
calls=1 0 
0 465
0 458315
cfn=(782)
calls=114577 0 
0 21852643
0 458312
cob=(3)
cfi=(153)
cfn=(646)
calls=114578 0 
0 20046000
0 229162
cob=(3)
cfi=(153)
cfn=(700)
calls=1 0 
0 383
0 6
cob=(3)
cfi=(153)
cfn=(716)
calls=1 0 
0 1004
0 5
cob=(3)
cfi=(153)
cfn=(716)
calls=1 0 
0 948
0 5
cfn=(782)
calls=1 0 
0 237
0 8
cob=(3)
cfi=(153)
cfn=(716)
calls=1 0 
0 1214
0 2
cob=(3)
cfi=(153)
cfn=(748)
calls=1 0 
0 709
0 4
cob=(3)
cfi=(153)
cfn=(748)
calls=1 0 
0 588
0 4
cfn=(788)
calls=1 0 
0 184095
0 2
cfn=(790)
calls=1 0 
0 424813
0 12

totals: 261896734
